1 3.55877
1 0.99806
2 2.27038
2 0.960891
3 2.26253
3 0.967944
4 2.24682
4 0.979163
5 3.37808
5 1.03082
6 1.90115
6 0.916005
7 2.15254
7 0.957593
8 2.67104
8 0.977363
9 2.05827
9 0.939887
10 2.11326
10 0.952772
11 2.19182
11 0.948103
12 2.3568
12 0.974218
13 2.20754
13 0.995767
14 2.16826
14 0.96504
15 2.2311
15 1.07059
16 3.78659
16 0.949789
17 2.1604
17 0.960633
18 2.19182
18 0.954996
19 2.06613
19 0.959374
20 2.15254
20 0.939873
21 2.46678
21 0.998761
22 2.0897
22 0.987151
23 2.30966
23 1.01048
24 2.2861
24 0.988359
25 2.18397
25 1.07057
26 2.3568
26 0.973922
27 1.87758
27 0.957577
28 3.84158
28 1.05823
29 2.39608
29 1.08588
30 2.63176
30 0.977994
31 1.97971
31 0.985184
32 4.06155
32 1.00093
33 2.11326
33 0.975614
34 4.73717
34 0.967963
35 1.97971
35 0.979698
36 2.21539
36 0.939375
37 2.20754
37 0.957968
38 2.18397
38 0.950814
39 2.25467
39 0.978147
40 2.17611
40 0.945539
41 2.19182
41 1.00477
42 2.01114
42 0.963323
43 2.22325
43 0.977619
44 2.14469
44 0.949969
45 2.21539
45 0.956315
46 2.49035
46 0.951962
47 1.8933
47 0.895631
48 2.17611
48 0.951191
49 2.21539
49 1.05477
50 2.17611
50 0.949622
