0 2 8
0 5 11
0 1 9
1 2 8
0 6 11
2 1 7
0 3 10
3 5 11
0 2 10
4 4 11
0 1 11
5 4 11
0 5 10
6 3 11
0 1 9
7 1 8
0 2 8
8 4 9
0 1 8
9 6 11
0 6 11
10 2 8
0 5 10
11 6 11
0 4 9
12 5 10
0 3 8
13 2 8
0 4 10
14 3 11
0 1 8
15 4 10
0 1 8
16 6 11
0 6 11
17 1 7
0 1 10
18 1 11
0 1 10
19 5 11
0 3 9
20 5 10
0 1 7
21 4 10
0 4 11
22 3 10
0 2 7
23 4 9
0 3 8
24 1 9
0 1 8
25 4 11
0 2 11
26 3 10
0 2 10
27 6 11
0 5 10
28 6 11
0 4 10
29 6 11
0 4 10
30 2 8
0 6 11
30 5 11
0 1 11
31 3 11
0 3 9
32 3 11
0 5 10
33 5 11
0 6 11
34 4 11
0 4 9
35 5 11
0 3 9
36 6 11
0 5 11
37 1 6
0 5 10
38 1 8
0 6 11
39 2 10
0 3 8
40 5 10
0 3 11
41 3 10
0 4 10
42 6 11
0 5 10
43 5 10
0 3 11
44 1 9
0 5 10
45 1 9
0 4 10
46 3 10
0 4 11
47 4 9
0 5 10
48 2 8
0 2 11
49 3 10
