1 0.996528
2 1.00008
3 0.839356
4 0.918921
5 0.956261
6 1.01534
7 0.905792
8 0.875964
9 0.9192
10 0.988227
11 0.87662
12 0.891842
13 0.835876
14 0.825995
15 0.835456
16 0.850773
17 1.03008
18 0.909719
19 0.910956
20 0.988804
21 0.900851
22 0.943409
23 0.768369
24 0.970122
25 0.998405
26 0.932701
27 0.867145
28 0.953272
29 0.958259
30 0.973005
31 0.923248
31 0.997183
32 0.994821
33 0.747195
34 0.972395
35 0.994855
36 0.983647
37 0.998696
38 1.00947
39 0.889732
40 0.893956
41 0.862764
42 0.924685
43 0.945471
44 0.9022
45 0.90404
46 0.893217
47 0.906498
48 1.01521
49 0.859932
50 0.881668
