0 11 1
0 3 10
0 13 3
1 18 5
0 7 9
2 6 2
0 10 8
3 10 7
0 15 7
4 3 8
0 4 5
5 20 7
0 7 6
6 5 6
0 18 10
7 10 3
0 11 10
8 6 3
0 19 4
9 17 5
0 4 1
10 11 9
0 6 9
11 2 6
0 3 4
12 5 8
0 13 1
13 8 10
0 1 9
14 18 1
0 9 3
15 5 9
0 19 5
16 10 5
0 3 7
17 13 7
0 11 5
18 4 9
0 10 5
19 6 2
0 17 3
20 13 8
0 12 1
21 17 4
0 12 8
22 15 7
0 14 7
23 19 5
0 12 4
24 7 10
0 6 7
25 15 5
0 6 10
26 13 5
0 10 6
27 11 10
0 15 1
28 6 5
0 9 2
29 18 10
0 15 8
30 3 1
0 9 8
30 1 6
0 17 4
31 17 6
0 10 4
32 17 2
0 9 3
33 11 6
0 6 10
34 19 3
0 2 1
35 6 5
0 18 2
36 3 7
0 11 1
37 8 2
0 16 3
38 4 10
0 9 7
39 3 5
0 12 6
40 10 5
0 16 1
41 6 5
0 16 8
42 12 10
0 12 6
43 1 7
0 10 3
44 14 1
0 15 10
45 19 10
0 17 4
46 19 6
0 20 10
47 20 9
0 10 2
48 12 10
0 18 9
49 10 4
