1 2.38037
2 2.05042
3 1.45336
4 2.12112
5 2.09755
6 2.26253
7 2.11326
8 1.77546
9 2.12898
10 2.34109
11 1.72832
12 2.08184
13 2.01899
14 1.31981
15 2.39608
16 1.90115
17 2.41965
18 2.06613
19 2.27824
20 2.31752
21 2.41179
22 2.72603
23 1.81474
24 1.97971
25 3.04027
26 2.12112
27 2.05042
28 2.17611
29 2.23896
30 2.04256
31 1.38266
31 1.95614
32 2.1604
33 2.11326
34 2.32538
35 2.14469
36 2.47464
37 2.34894
38 3.68446
39 1.49264
40 1.99542
41 2.18397
42 2.2311
43 2.39608
44 2.04256
45 2.33323
46 2.19182
47 1.60262
48 2.52178
49 1.3748
50 2.26253
