0 2 7
0 2 8
0 1 11
1 4 11
0 6 11
2 2 10
0 4 11
3 4 10
0 6 11
4 5 11
0 5 11
5 6 11
0 6 11
6 2 11
0 1 6
7 6 11
0 6 11
8 3 9
0 5 10
9 2 9
0 3 10
10 2 11
0 4 10
11 2 9
0 5 11
12 6 11
0 3 11
13 6 11
0 1 11
14 3 10
0 2 8
15 6 11
0 2 10
16 5 11
0 1 11
17 1 10
0 6 11
18 5 11
0 6 11
19 3 8
0 3 10
20 4 11
0 5 10
21 6 11
0 1 6
22 4 9
0 4 11
23 4 9
0 1 8
24 6 11
0 4 11
25 2 9
0 2 10
26 5 11
0 1 10
27 4 10
0 3 9
28 2 8
0 6 11
29 2 7
0 3 10
30 2 9
0 4 9
31 1 7
0 3 10
32 1 9
0 6 11
33 6 11
0 3 9
34 5 10
0 4 9
35 4 9
0 3 9
36 5 11
0 2 10
37 2 7
0 6 11
38 1 9
0 1 11
39 1 7
0 2 11
40 2 7
0 2 7
41 4 10
0 6 11
42 3 8
0 2 11
43 1 8
0 2 8
44 1 9
0 2 10
45 4 11
0 1 8
46 6 11
0 5 10
47 1 9
0 6 11
47 1 8
0 3 9
48 2 7
0 5 10
49 4 9
0 2 7
0 3 8
0 1 7
1 4 11
0 1 11
2 1 7
0 6 11
3 6 11
0 2 11
4 2 8
0 2 8
5 2 11
