0 2 8
0 2 9
0 6 11
1 4 10
0 6 11
2 6 11
0 3 11
3 2 9
0 5 10
4 5 10
0 2 7
5 1 10
0 2 10
6 5 10
0 1 11
7 1 9
0 2 8
8 3 9
0 4 10
9 1 8
0 4 10
10 2 10
0 1 9
11 2 8
0 6 11
12 1 6
0 1 8
13 5 11
0 3 9
14 2 8
0 2 9
15 3 9
0 4 9
16 1 11
0 4 10
17 3 9
0 5 11
18 2 8
0 3 11
19 4 9
0 6 11
20 6 11
0 5 11
21 3 8
0 4 11
22 2 7
0 4 9
23 2 8
0 5 11
24 2 9
0 4 9
25 5 10
0 6 11
26 5 10
0 4 9
27 4 9
0 2 8
28 5 10
0 6 11
29 4 11
0 1 8
30 4 9
0 4 11
31 5 10
0 4 10
32 2 7
0 4 9
33 3 11
0 1 8
34 3 10
0 3 10
35 4 10
0 3 9
36 1 7
0 6 11
37 5 11
0 4 10
38 6 11
0 6 11
39 4 11
0 6 11
40 2 7
0 3 9
41 6 11
0 3 11
42 1 9
0 1 7
43 4 10
0 6 11
44 2 9
0 5 11
45 1 8
0 2 7
46 4 11
0 4 9
47 4 10
0 3 11
48 6 11
0 3 11
49 2 10
