0 6 11
0 2 9
0 5 10
1 2 10
0 11 6
0 9 4
0 10 5
1 3 11
0 5 11
2 2 11
0 9 4
0 3 8
0 8 3
1 10 5
0 11 6
2 3 8
0 2 7
3 11 6
0 11 6
4 7 2
0 11 6
5 5 10
0 5 10
6 3 8
0 10 5
7 10 5
0 3 8
8 9 4
0 8 3
9 7 2
0 8 3
10 6 11
0 10 5
11 1 6
0 8 3
12 5 10
0 1 6
13 10 5
0 9 4
14 4 9
0 6 11
15 10 5
0 4 9
16 6 11
0 9 4
17 2 7
0 1 6
18 3 8
0 10 5
19 9 4
0 10 5
20 5 10
0 5 10
21 9 4
0 4 9
22 2 7
0 8 3
23 7 2
0 10 5
24 2 7
0 6 11
25 4 9
0 6 11
26 3 8
0 9 4
27 10 5
0 10 5
28 6 11
0 3 8
29 10 5
0 2 7
30 9 4
0 5 10
31 8 3
0 7 2
32 2 7
0 3 8
33 8 3
0 10 5
34 3 8
0 7 2
35 11 6
0 4 9
36 8 3
0 6 11
37 4 9
0 4 9
38 7 2
0 4 9
39 3 8
0 6 11
40 6 11
0 4 9
41 9 4
0 6 11
42 4 9
0 7 2
43 11 6
0 7 2
44 7 2
0 11 6
45 4 9
0 4 9
46 11 6
0 5 10
47 4 9
0 11 6
48 11 6
0 7 2
49 7 2
0 2 10
0 6 11
0 1 8
0 5 11
1 5 10
0 3 11
2 2 10
0 3 11
3 3 10
0 4 10
4 2 11
0 2 10
5 3 10
0 4 9
6 3 11
0 6 11
7 2 8
0 2 7
8 5 11
0 5 3
0 6 10
0 3 2
1 11 5
0 2 8
2 1 10
0 10 8
3 2 7
0 2 4
4 7 5
0 9 7
5 2 3
0 11 1
6 11 6
0 7 4
7 3 4
0 3 10
8 2 10
0 11 6
9 6 3
0 4 6
10 3 11
0 8 1
11 1 4
0 3 10
12 3 1
0 5 4
13 2 3
0 1 3
14 3 5
0 1 3
0 1 4
0 9 7
1 7 5
0 5 9
2 7 4
0 4 5
3 11 8
0 3 6
4 10 5
0 4 5
5 9 8
0 7 3
6 6 10
0 5 7
7 5 6
0 9 8
8 7 3
0 1 3
9 9 4
0 4 7
10 3 4
0 1 6
11 2 3
0 7 4
12 10 7
0 5 7
13 4 7
0 11 8
14 8 4
0 4 7
15 5 8
0 6 11
16 2 6
0 8 4
17 2 3
0 1 5
18 3 6
0 10 5
19 4 5
0 8 5
20 3 6
0 5 10
21 5 6
0 6 10
22 11 7
0 2 7
23 2 4
0 8 3
24 1 4
0 3 6
25 8 7
0 8 3
26 8 5
0 10 5
27 11 8
0 9 4
28 10 5
0 2 4
29 1 6
0 8 4
30 9 7
0 3 6
31 1 3
0 3 6
32 11 6
0 7 4
33 6 8
0 5 6
34 7 2
0 8 6
35 1 4
0 3 4
36 5 6
0 11 7
37 2 7
0 2 4
38 11 10
0 7 6
39 8 7
0 2 5
40 4 5
0 2 6
41 6 11
0 3 7
42 10 7
0 7 5
43 6 7
0 10 5
44 8 4
0 7 2
45 8 6
0 10 6
46 7 6
0 6 7
47 7 5
0 7 4
48 11 9
0 1 3
49 9 6
0 3 8
0 5 9
0 8 4
1 5 9
0 8 5
2 2 5
0 10 5
3 1 4
0 1 6
4 6 11
0 6 9
5 11 6
0 4 7
6 11 8
0 2 6
7 10 7
0 11 8
8 6 9
0 7 3
9 10 5
0 1 5
10 3 7
0 11 8
11 10 5
0 6 9
12 1 6
0 4 9
13 8 5
0 10 7
14 9 6
0 9 6
15 1 4
0 11 6
16 11 6
0 11 7
17 3 8
0 6 10
18 8 3
0 7 4
19 8 4
0 7 4
20 3 6
0 10 5
21 2 6
0 10 5
22 11 8
0 7 2
23 5 8
0 2 7
24 5 10
0 4 8
25 11 8
0 6 9
26 2 6
0 7 3
27 10 6
0 8 4
28 11 8
0 11 8
29 7 3
0 5 9
30 3 6
0 5 9
31 2 6
0 2 6
32 9 5
0 9 4
33 8 3
0 4 7
34 7 2
0 8 5
35 5 10
0 8 3
36 5 8
0 3 8
37 7 2
0 5 10
38 11 6
0 2 5
39 7 4
0 2 6
40 7 3
0 7 3
41 8 5
0 6 11
42 6 9
0 5 10
43 3 7
0 2 6
44 10 6
0 4 8
45 10 7
0 10 5
46 6 11
0 8 5
47 8 5
0 6 9
48 9 4
0 6 9
49 4 8
0 10 7
