1 1.04503
2 0.95059
3 0.904588
4 1.03648
5 0.736209
6 0.978776
7 0.722833
8 0.952271
9 1.02196
10 0.95943
11 0.976834
12 0.950884
13 0.917511
14 0.950899
15 0.961463
16 0.907266
17 1.04374
18 0.92231
19 1.00609
20 1.03745
21 0.808469
22 0.974992
23 1.02369
24 0.903846
25 0.927786
26 0.768433
27 0.805249
28 0.746464
29 0.700112
30 0.941156
31 0.947612
32 1.0673
33 -nan
34 0.92495
35 1.01549
36 0.995394
37 0.930005
38 0.817384
39 0.935449
40 0.972902
41 0.885521
42 0.974695
43 0.953846
44 0.908794
45 0.945005
46 0.952258
47 0.917422
48 1.13966
49 1.03699
50 0.854183
