1 0.953823
2 0.965026
3 1.00277
4 0.964495
5 0.878313
6 0.92206
7 1.04849
8 0.860163
9 0.919641
10 0.957484
11 1.01261
12 0.941366
13 0.896834
14 0.897111
15 0.976691
16 0.881308
17 0.846136
18 0.983181
19 0.840477
20 0.971789
21 0.967481
22 0.897915
23 0.872139
24 0.986669
25 1.00537
26 0.937018
27 0.936591
28 0.925065
29 0.981732
30 1.0131
31 0.99684
32 -nan
33 0.932454
34 0.977249
35 0.815207
36 0.982184
37 0.848397
38 0.946863
39 1.04147
40 0.947278
41 0.879564
42 0.92366
43 0.948023
44 0.933952
45 0.937407
46 0.951219
47 0.929558
48 0.959861
48 0.96675
49 0.931725
50 0.922425
