1 2.8203
2 2.64894
3 2.41965
4 3.77088
5 3.62162
6 3.84944
7 4.92571
8 2.34894
9 2.77251
10 3.65304
11 2.67104
12 2.82816
13 2.12112
14 2.84322
15 2.73323
16 4.90214
17 2.84387
18 2.72538
19 2.47464
20 2.6789
21 2.06613
22 2.54534
23 1.94829
24 2.69968
25 2.41179
26 1.62619
27 1.919152
28 3.78659
29 3.24453
30 4.69282
31 1.669232
32 2.78888
33 3.0717
34 4.85501
35 4.5172
36 2.57677
37 2.38822
38 4.45435
39 3.76302
40 1.52406
41 2.98528
42 4.9992
43 1.51621
44 2.34894
45 2.54682
46 1.61555
47 2.64322
48 2.73536
49 3.76302
50 1.72046
1 4.79216
2 4.87072
3 2.80459
4 2.10541
5 5.51491
6 3.50378
7 3.86515
8 1.49264
9 4.81573
10 3.72374
11 2.88315
12 2.78888
13 5.13782
14 1.39051
15 2.89101
16 2.34109
17 3.4095
18 5.49134
19 3.44878
20 1.85402
21 2.06613
22 2.63176
23 3.78659
24 4.79216
25 5.41278
26 3.73946
27 2.59248
28 1.61048
29 3.75517
30 2.89101
31 2.34894
32 2.53749
33 1.49264
34 3.26024
35 4.5172
36 5.43635
37 4.85501
38 4.34437
39 3.04027
40 2.22325
41 2.34894
42 1.964
43 4.79216
44 2.61605
45 2.34894
46 1.59477
47 5.56205
48 1.84616
49 3.15026
50 4.7843
