1 1 0.923154
1 2 1.04575
1 3 1.03661
1 4 0.916752
1 5 -nan
1 6 0.831845
1 7 1.00313
1 8 1.09791
1 9 0.963222
1 10 0.990418
1 11 0.955205
2 1 1.05728
2 2 1.07354
2 3 1.04295
2 4 1.03706
2 5 1.02301
2 6 0.919481
2 7 0.974609
2 8 1.05525
2 9 1.04209
2 10 0.979161
2 11 0.999061
3 1 -nan
3 2 -nan
3 3 -nan
3 4 0.597196
3 5 0.784699
3 6 0.972355
3 7 0.928801
3 8 0.937621
3 9 0.963742
3 10 1.04845
3 11 1.03382
4 1 1.07323
4 2 -nan
4 3 1.04454
4 4 -nan
4 5 -nan
4 6 1.087
7 7 0.889498
7 8 1.03017
7 9 0.981439
7 10 0.997564
7 11 0.977789
8 1 0.952902
8 2 0.966913
8 3 1.00824
8 4 -nan
8 5 0.80513
8 6 1.01695
8 7 1.08533
8 8 0.980473
8 9 0.933916
8 10 0.890987
8 11 0.982725
9 1 0.989075
9 2 -nan
9 3 1.01591
9 4 1.1023
9 5 -nan
9 6 0.920383
9 7 0.908738
9 8 0.887189
10 1 -nan
10 2 -nan
10 3 -nan
10 4 1.05596
10 5 0.797738
10 6 0.885805
10 7 0.977911
10 8 0.987975
10 9 1.03139
10 10 1.01592
10 11 1.02867
11 1 1.02353
11 2 1.04874
11 3 1.02255
11 4 -nan
11 5 0.833959
11 6 0.925499
11 7 1.04811
11 8 1.04287
11 9 1.03873
11 10 1.04559
11 11 0.999208
12 1 1.05473
12 2 0.961117
12 3 0.987936
12 4 1.10636
12 5 1.21703
12 6 0.850354
12 7 0.949457
12 8 1.04568
12 9 0.932371
12 10 0.995804
12 11 1.02093
13 1 0.962582
13 2 0.982419
13 3 0.987974
13 4 0.763895
13 5 0.527674
13 6 0.836823
13 7 0.954318
13 8 1.00964
13 9 0.972607
13 10 0.940101
13 11 0.977802
14 1 1.01572
14 2 1.10706
14 3 0.989773
14 4 -nan
14 5 0.420398
14 6 0.812984
14 7 0.925583
14 8 0.888259
14 9 1.03402
14 10 0.952508
14 11 1.01527
15 1 0.975059
15 2 0.951607
15 3 0.972592
15 4 0.616499
15 5 -nan
15 6 0.911314
15 7 1.02184
15 8 0.913658
15 9 1.0243
15 10 0.998093
15 11 1.01035
16 1 1.03883
16 2 -nan
16 3 1.10734
16 4 1.33414
16 5 0.702343
16 6 0.862456
16 7 0.97649
16 8 0.89723
16 9 0.789332
16 10 0.942467
16 11 0.978822
17 1 -nan
17 2 -nan
17 3 -nan
17 4 1.00606
17 5 -nan
17 6 0.843054
17 7 0.99646
17 8 0.946329
17 9 0.960297
17 10 1.07385
17 11 1.0383
18 1 1.03161
18 2 1.03112
18 3 1.0019
18 4 1.33201
18 5 0.453623
18 6 0.781456
18 7 0.99814
18 8 0.939467
18 9 1.01894
18 10 1.02356
18 11 0.993746
19 1 1.05728
19 2 1.07354
19 3 1.04295
19 4 1.03706
19 5 1.02301
19 6 0.919481
19 7 0.974609
19 8 1.05525
19 9 1.04209
19 10 0.979161
19 11 0.999061
20 1 1.0286
20 2 0.979904
20 3 0.979554
20 4 -nan
20 5 -nan
20 6 0.921045
20 7 0.803265
20 8 0.902718
20 9 0.931692
20 10 0.966075
20 11 0.976659
21 1 0.969918
21 2 1.16241
21 3 1.04128
21 4 -nan
21 5 1.46507
21 6 1.02787
21 7 0.950579
21 8 0.940679
21 9 1.00059
21 10 0.990442
21 11 1.02493
22 1 0.980934
22 2 0.960356
22 3 1.03967
22 4 1.16857
22 5 -nan
22 6 0.888514
22 7 1.00647
22 8 0.918446
22 9 0.979168
22 10 0.991247
22 11 0.988111
23 1 1.02746
23 2 1.02708
23 3 0.93062
23 4 -nan
23 5 -nan
23 6 0.753338
23 7 1.05787
23 8 1.02602
23 9 0.981734
23 10 1.01749
23 11 1.03197
24 1 0.929493
24 2 1.0365
24 3 0.989018
24 4 0.772054
24 5 0.804437
24 6 1.08316
24 7 0.916988
24 8 1.07934
24 9 1.02419
24 10 0.975192
24 11 1.00179
25 1 0.955559
25 2 0.96901
25 3 0.971883
25 4 1.0982
25 5 -nan
25 6 0.876963
25 7 1.03866
25 8 0.745652
25 9 0.995718
25 10 0.989481
25 11 0.991648
26 1 1.09399
26 2 1.03621
26 3 1.0065
26 4 -nan
26 5 0.9078
26 6 1.0063
26 7 1.04911
26 8 0.877289
26 9 0.852057
26 10 1.0017
26 11 0.949805
27 1 0.995531
27 2 1.00441
27 3 1.08071
27 4 1.28707
27 5 -nan
27 6 1.00164
27 7 0.974845
27 8 0.984159
27 9 1.01514
27 10 1.00697
27 11 0.960891
28 1 1.0587
28 2 1.03733
28 3 0.993458
28 4 0.911033
28 5 1.24488
28 6 1.03684
28 7 0.995088
28 8 0.979239
28 9 1.05426
28 10 0.953602
28 11 0.911843
29 1 0.996063
29 2 0.914429
29 3 0.945386
29 4 1.57265
29 5 1.07812
29 6 1.0774
29 7 0.92176
29 8 0.956526
29 9 0.902224
29 10 0.989543
29 11 1.02005
30 1 1.01737
30 2 1.02523
30 3 0.956393
30 4 1.17908
30 5 0.634932
30 6 0.944748
30 7 1.06446
30 8 1.04414
30 9 1.0519
30 10 1.01685
30 11 1.00967
31 1 1.03804
31 2 1.0154
31 3 1.01465
31 4 -nan
31 5 0.811229
31 6 0.803634
31 7 0.907684
31 8 1.05223
31 9 1.02648
31 10 0.977896
31 11 1.03327
32 1 0.975393
32 2 1.006
32 3 0.782387
32 4 0.772222
32 5 0.387349
32 6 0.922982
32 7 0.905728
32 8 0.897332
32 9 0.978096
32 10 1.00254
32 11 0.993914
33 1 0.961049
33 2 0.953938
33 3 1.00688
33 4 -nan
33 5 -nan
33 6 1.0463
33 7 0.956697
33 8 0.86487
33 9 0.96504
33 10 0.90163
33 11 1.10344
34 1 1.01172
34 2 0.965889
34 3 0.898906
34 4 -nan
34 5 -nan
34 6 1.10251
34 7 0.917279
34 8 0.971022
34 9 0.879715
34 10 1.01536
34 11 0.898052
35 1 0.889598
35 2 0.981232
35 3 1.09134
35 4 0.679411
35 5 -nan
35 6 0.987135
35 7 1.00065
35 8 0.905918
35 9 1.08626
35 10 1.01406
35 11 0.943926
36 1 1.0587
36 2 1.03733
36 3 0.993458
36 4 0.911033
36 5 1.24488
36 6 1.03684
36 7 0.995088
36 8 0.979239
36 9 1.05426
36 10 0.953602
36 11 0.911843
37 1 1.06682
37 2 0.899045
37 3 0.997578
37 4 0.887782
37 5 -nan
37 6 1.08885
37 7 0.982617
37 8 1.03886
37 9 1.05719
37 10 1.0609
37 11 1.01365
38 1 0.98773
38 2 0.872103
38 3 0.84632
38 4 0.879157
38 5 -nan
38 6 1.07326
38 7 0.975824
38 8 0.983118
38 9 0.971925
38 10 1.07389
38 11 1.04755
39 1 1.00926
39 2 0.907994
39 3 0.900849
39 4 -nan
39 5 -nan
39 6 0.90692
39 7 1.08179
39 8 0.906892
39 9 1.00204
39 10 0.85366
39 11 0.971381
40 1 1.03722
40 2 1.04643
40 3 1.03085
40 4 -nan
40 5 0.937487
40 6 0.90506
40 7 1.07941
40 8 0.987432
40 9 1.04175
40 10 1.0194
40 11 1.02558
41 1 1.03883
41 2 -nan
41 3 1.10734
41 4 1.33414
41 5 0.702343
41 6 0.862456
41 7 0.97649
41 8 0.89723
41 9 0.789332
41 10 0.942467
41 11 0.978822
42 1 1.0587
42 2 1.03733
42 3 0.993458
42 4 0.911033
42 5 1.24488
42 6 1.03684
42 7 0.995088
42 8 0.979239
42 9 1.05426
42 10 0.953602
42 11 0.911843
43 1 -nan
43 2 1.03758
43 3 1.02774
43 4 0.604864
43 5 -nan
43 6 1.09723
43 7 1.02088
43 8 0.920874
43 9 1.05039
43 10 0.932127
43 11 0.918147
44 1 0.871982
44 2 1.07231
44 3 1.00792
44 4 -nan
44 5 -nan
44 6 0.646086
44 7 1.01445
44 8 0.935762
44 9 0.996103
44 10 0.993695
44 11 0.991308
45 1 1.01774
45 2 0.991756
45 3 1.04005
45 4 0.975797
45 5 -nan
45 6 0.877743
45 7 1.04292
45 8 1.04346
45 9 0.986749
45 10 0.960779
45 11 1.04381
46 1 0.805536
46 2 0.97328
46 3 0.940272
46 4 -nan
46 5 -nan
46 6 -nan
46 7 0.933435
46 8 0.956722
46 9 0.957888
46 10 0.881013
46 11 0.994512
47 1 1.00898
47 2 1.08407
47 3 0.904309
47 4 0.995711
47 5 0.756219
47 6 0.83365
47 7 -nan
47 8 -nan
47 9 0.898641
47 10 1.00832
47 11 0.944073
48 1 0.951529
48 2 0.910787
48 3 0.99621
48 4 1.51482
48 5 -nan
48 6 1.03631
48 7 0.995517
48 8 0.875785
48 9 1.00223
48 10 1.04112
48 11 0.944596
49 1 -nan
49 2 1.03758
49 3 1.02774
49 4 0.604864
49 5 -nan
49 6 1.09723
49 7 1.02088
49 8 0.920874
49 9 1.05039
49 10 0.932127
49 11 0.918147
50 1 0.975274
50 2 1.04748
50 3 1.05189
50 4 1.15789
50 5 1.28974
50 6 1.02638
50 7 1.00185
50 8 1.04101
50 9 0.936523
50 10 1.00682
50 11 1.07463
