4 1 1.07323
4 2 -nan
4 3 1.04454
4 4 -nan
4 5 -nan
4 6 1.087
4 7 1.04573
4 8 1.04026
4 9 1.09349
4 10 1.11137
4 11 1.1211
5 1 1.1782
5 2 0.96861
5 3 1.06019
5 4 -nan
5 5 -nan
5 6 1.03739
5 7 0.975495
5 8 0.895898
5 9 0.952514
5 10 0.985983
5 11 1.06753
6 1 0.957529
6 2 1.01793
6 3 1.06129
6 4 0.829041
6 5 0.51447
6 6 0.977083
6 7 1.02309
6 8 0.810773
6 9 1.04931
6 10 1.03553
6 11 1.17019
7 1 0.966198
7 2 0.993744
7 3 1.0127
7 4 0.934944
7 5 0.522366
7 6 1.02306
7 7 0.889498
7 8 1.03017
7 9 0.981439
7 10 0.997564
7 11 0.977789
9 1 0.989075
9 2 -nan
9 3 1.01591
9 4 1.1023
9 5 -nan
9 6 0.920383
9 7 0.908738
9 8 0.887189
9 9 0.955582
9 10 0.927073
9 11 0.98724
