5 1 0.983239
5 2 0.879428
5 3 0.856766
5 4 -nan
5 5 1.04057
5 6 -nan
5 7 -nan
5 8 1.02472
5 9 0.969141
5 10 0.966702
5 11 0.962468
6 1 1.0133
6 2 0.988066
6 3 1.05334
6 4 1.1199
6 5 1.05846
6 6 -nan
6 7 -nan
6 8 0.954003
6 9 0.969314
6 10 0.948005
6 11 0.928121
7 1 1.16503
7 2 0.876822
7 3 0.963725
7 4 -nan
7 5 0.79724
7 6 0.929263
7 7 -nan
7 8 0.803321
7 9 1.05773
7 10 1.13189
7 11 0.99661
8 1 0.821591
8 2 1.0717
8 3 0.852255
8 4 -nan
8 5 1.30403
8 6 0.958741
8 7 -nan
8 8 1.03718
8 9 0.959918
8 10 -nan
8 11 0.932345
10 1 1.07476
10 2 1.03767
10 3 0.920744
10 4 -nan
10 5 0.762363
10 6 -nan
10 7 0.935113
10 8 1.09759
10 9 1.01411
10 10 1.02778
10 11 1.00219
