1 1 0
1 2 0
1 3 0
1 4 0
1 5 0
1 1 1.04142
1 2 0.941184
1 3 1.01032
1 4 1.09974
1 5 0.979364
1 6 1.00903
1 7 0.951672
1 8 0.936505
1 9 1.09617
1 10 1.02639
1 11 0.923835
2 1 1.02294
2 2 1.01919
2 3 0.930264
2 4 0.963638
2 5 0.778309
2 6 0.953586
2 7 -nan
2 8 1.01753
2 9 0.993547
2 10 1.02181
2 11 1.02069
3 1 1.04142
3 2 0.941184
3 3 1.01032
3 4 1.09974
3 5 0.979364
3 6 1.00903
3 7 0.951672
3 8 0.936505
3 9 1.09617
3 10 1.02639
3 11 0.923835
4 1 0.955207
4 2 0.974309
4 3 0.914279
4 4 1.02817
4 5 0.957559
4 6 0.801132
4 7 -nan
4 8 0.988539
4 9 0.928522
4 10 1.01919
4 11 1.0755
5 1 0.983239
8 4 -nan
8 5 1.30403
8 6 0.958741
8 7 -nan
8 8 1.03718
8 9 0.959918
8 10 -nan
8 11 0.932345
9 1 1.02354
9 2 0.769614
9 3 1.1393
9 4 -nan
9 5 -nan
9 6 0.848378
9 7 -nan
9 8 0.980869
9 9 -nan
9 10 1.05132
9 11 1.01961
10 1 1.07476
10 2 1.03767
10 3 0.920744
10 4 -nan
10 5 0.762363
10 6 -nan
11 1 1.07266
11 2 1.01007
11 3 0.941598
11 4 1.09745
11 5 0.766985
11 6 1.04712
11 7 1.19619
11 8 0.949164
11 9 0.909808
11 10 0.893211
11 11 1.04353
12 1 1.02146
12 2 0.965173
12 3 -nan
12 4 1.02337
12 5 -nan
12 6 -nan
12 7 1.08944
12 8 -nan
12 9 0.766003
12 10 0.976924
12 11 1.02019
13 1 1.01217
13 2 0.928612
13 3 0.843662
13 4 1.05236
13 5 0.884114
13 6 0.822882
13 7 0.962045
13 8 0.953786
13 9 -nan
13 10 1.00197
13 11 1.01411
14 1 0.849984
14 2 1.00008
14 3 0.878203
14 4 1.2446
14 5 1.25101
14 6 1.02512
14 7 0.866858
14 8 0.903096
14 9 -nan
14 10 0.87246
14 11 0.995304
15 1 0.821591
15 2 1.0717
15 3 0.852255
15 4 -nan
15 5 1.30403
15 6 0.958741
15 7 -nan
15 8 1.03718
15 9 0.959918
15 10 -nan
15 11 0.932345
16 1 0.91814
16 2 0.998894
16 3 1.21502
16 4 -nan
16 5 1.38578
16 6 0.94363
16 7 -nan
16 8 0.821492
16 9 1.1397
16 10 0.96693
16 11 0.896867
17 1 1.1115
17 2 1.01114
17 3 1.13593
17 4 -nan
17 5 -nan
17 6 1.08475
17 7 1.11027
17 8 0.966378
17 9 0.918787
17 10 1.00537
17 11 1.01628
18 1 1.00494
18 2 1.01243
18 3 1.00354
18 4 0.986176
18 5 0.712688
18 6 0.932649
18 7 -nan
18 8 0.999593
18 9 0.993782
18 10 1.0558
18 11 0.991274
19 1 0.821591
19 2 1.0717
19 3 0.852255
19 4 -nan
19 5 1.30403
19 6 0.958741
19 7 -nan
19 8 1.03718
19 9 0.959918
19 10 -nan
19 11 0.932345
20 1 0.949668
20 2 1.0058
20 3 0.968038
20 4 1.23922
20 5 1.01854
20 6 0.876286
20 7 -nan
20 8 1.00239
20 9 0.812525
20 10 0.939257
20 11 1.01262
21 1 0.965009
21 2 1.00428
21 3 1.19675
21 4 1.03253
21 5 -nan
21 6 0.964736
21 7 0.859176
21 8 0.934157
21 9 0.969461
21 10 1.07647
21 11 1.12734
22 1 1.00548
22 2 0.931948
22 3 0.828323
22 4 1.04628
22 5 0.86074
22 6 1.03492
22 7 1.01709
22 8 0.956261
22 9 0.967568
22 10 1.01495
22 11 1.03428
23 1 0.925207
23 2 0.933939
23 3 0.839018
23 4 -nan
23 5 -nan
23 6 0.848097
23 7 -nan
23 8 1.01156
23 9 1.02787
23 10 0.972
23 11 0.948789
24 1 1.10734
24 2 1.07958
24 3 1.11377
24 4 0.993757
24 5 0.85607
24 6 0.926542
24 7 0.96342
24 8 1.02877
24 9 1.03961
24 10 1.05069
24 11 1.00564
25 1 1.07266
25 2 1.01007
25 3 0.941598
25 4 1.09745
25 5 0.766985
25 6 1.04712
25 7 1.19619
25 8 0.949164
25 9 0.909808
25 10 0.893211
25 11 1.04353
26 1 1.00573
26 2 0.905411
26 3 0.977509
26 4 1.1129
26 5 0.938046
26 6 1.25395
26 7 0.857503
26 8 0.794587
26 9 0.969403
26 10 1.01297
26 11 0.925378
27 1 0.984568
27 2 0.999812
27 3 1.03937
27 4 1.02465
27 5 0.633296
27 6 0.960553
27 7 0.936125
27 8 0.994323
27 9 1.02615
27 10 0.99773
27 11 0.908235
28 1 0.925207
28 2 0.933939
28 3 0.839018
28 4 -nan
28 5 -nan
28 6 0.848097
28 7 -nan
28 8 1.01156
28 9 1.02787
28 10 0.972
28 11 0.948789
29 1 0.985119
29 2 0.944686
29 3 0.937041
29 4 0.807622
29 5 -nan
29 6 0.881058
29 7 -nan
29 8 1.03208
29 9 1.00382
29 10 0.948797
29 11 1.02267
30 1 0.979454
30 2 0.979133
30 3 0.969341
30 4 -nan
30 5 -nan
30 6 1.1993
30 7 -nan
30 8 0.960641
30 9 1.04877
30 10 0.957324
30 11 1.0871
31 1 0.977738
31 2 0.904742
31 3 0.895161
31 4 0.993297
31 5 1.16873
31 6 1.34094
31 7 1.15712
31 8 0.931129
31 9 0.81933
31 10 1.00491
31 11 1.14114
32 1 1.00919
32 2 1.01152
32 3 0.991676
32 4 0.812745
32 5 0.492435
32 6 1.04256
32 7 1.08908
32 8 1.01931
32 9 1.07055
32 10 0.975652
32 11 1.02562
33 1 -nan
33 2 -nan
33 3 1.19505
33 4 -nan
33 5 -nan
33 6 -nan
33 7 -nan
33 8 1.1466
33 9 0.988832
33 10 -nan
33 11 1.02532
34 1 0.95463
34 2 0.964778
34 3 0.985868
34 4 0.958922
34 5 1.01657
34 6 0.881648
34 7 0.809228
34 8 0.843149
34 9 1.02186
34 10 0.989326
34 11 0.987265
35 1 0.977463
35 2 0.963013
35 3 1.37463
35 4 -nan
35 5 -nan
35 6 -nan
35 7 -nan
35 8 -nan
35 9 0.860426
35 10 1.01329
35 11 0.995049
36 1 0.958381
36 2 0.981495
36 3 1.06674
36 4 0.835159
36 5 0.863816
36 6 1.01603
36 7 1.09872
36 8 1.00478
36 9 0.998626
36 10 0.954393
36 11 0.858364
37 1 0.979454
37 2 0.979133
37 3 0.969341
37 4 -nan
37 5 -nan
37 6 1.1993
37 7 -nan
37 8 0.960641
37 9 1.04877
37 10 0.957324
37 11 1.0871
38 1 1.02801
38 2 0.995986
38 3 0.744325
38 4 0.94307
38 5 0.963412
38 6 1.02387
38 7 0.847365
38 8 0.93937
38 9 1.00161
38 10 0.901552
38 11 1.01258
39 1 1.01273
39 2 1.00434
39 3 0.991903
39 4 0.867746
39 5 -nan
39 6 0.830771
39 7 0.974947
39 8 0.759728
39 9 0.853652
39 10 1.05778
39 11 0.99786
40 1 1.08016
40 2 0.757954
40 3 1.20327
40 4 -nan
40 5 -nan
40 6 0.839077
40 7 0.887486
40 8 -nan
40 9 1.1972
40 10 1.01853
40 11 0.835289
41 1 0.935668
41 2 0.947599
41 3 0.849954
41 4 0.99683
41 5 1.06664
41 6 0.760603
41 7 0.946422
41 8 1.03933
41 9 1.0492
41 10 1.07232
41 11 0.921199
42 1 0.966174
42 2 0.924147
42 3 0.799347
42 4 0.733811
42 5 1.09947
42 6 0.912256
42 7 -nan
42 8 0.833092
42 9 1.01271
42 10 1.04677
42 11 1.01313
43 1 1.00919
43 2 1.01152
43 3 0.991676
43 4 0.812745
43 5 0.492435
43 6 1.04256
43 7 1.08908
43 8 1.01931
43 9 1.07055
43 10 0.975652
43 11 1.02562
44 1 0.864315
44 2 1.05391
44 3 1.04767
44 4 0.805635
44 5 -nan
44 6 0.862494
44 7 0.94593
44 8 -nan
44 9 0.902223
44 10 1.04481
44 11 0.964456
45 1 0.971781
45 2 0.866555
45 3 0.998558
45 4 0.774192
45 5 1.13653
45 6 1.13054
45 7 -nan
45 8 1.00707
45 9 1.01411
45 10 0.961136
45 11 0.817418
46 1 1.08993
46 2 0.933417
46 3 1.06014
46 4 1.24554
46 5 -nan
46 6 -nan
46 7 -nan
46 8 0.964955
46 9 0.988191
46 10 1.00387
46 11 0.968521
47 1 1.01282
47 2 0.988034
47 3 1.14112
47 4 -nan
47 5 -nan
47 6 -nan
47 7 1.11237
47 8 0.91359
47 9 1.05377
47 10 1.12858
47 11 0.995042
48 1 0.975997
48 2 0.982727
48 3 0.99384
48 4 0.987102
48 5 1.00325
48 6 0.8767
48 7 0.808158
48 8 1.0229
48 9 0.998786
48 10 1.08701
48 11 1.04195
49 1 -nan
49 2 0.961073
49 3 1.00521
49 4 0.746209
49 5 0.81517
49 6 0.880458
49 7 1.11515
49 8 1.04605
49 9 0.947973
49 10 1.08386
49 11 1.01559
50 1 0.979454
50 2 0.979133
50 3 0.969341
50 4 -nan
50 5 -nan
50 6 1.1993
50 7 -nan
50 8 0.960641
50 9 1.04877
50 10 0.957324
50 11 1.0871
