1 1 1.09198
1 2 0.848448
1 3 0.793456
1 4 0.887728
1 5 0.416368
1 6 0.597056
1 7 0.54992
1 8 0.840592
1 9 0.94272
1 10 0.997712
1 11 0.809168
2 1 0.722752
2 2 0.927008
2 3 0.47136
2 4 0.502784
2 5 0.149264
2 6 0.384944
2 7 0.43208
2 8 0.82488
2 9 0.86416
2 10 0.754176
2 11 0.958432
3 1 1.09198
3 2 0.848448
3 3 0.793456
3 4 0.887728
3 5 0.416368
3 6 0.597056
3 7 0.54992
3 8 0.840592
3 9 0.94272
3 10 0.997712
3 11 0.809168
4 1 0.74632
4 2 0.919152
4 3 0.439936
4 4 0.408512
4 5 0.212112
4 6 0.133552
4 7 0.306384
4 8 0.82488
4 9 0.730608
4 10 0.809168
4 11 0.86416
5 1 0.934864
5 2 0.581344
5 3 0.243536
5 4 0.267104
5 5 0.109984
5 6 0.243536
5 7 0.408512
5 8 0.699184
5 9 0.777744
5 10 0.604912
5 11 0.722752
6 1 0.86416
6 2 1.02128
6 3 0.573488
6 4 0.31424
6 5 0.070704
6 6 0.259248
6 7 0.227824
6 8 0.793456
6 9 0.817024
6 10 0.565632
6 11 0.738464
7 1 0.90344
7 2 0.62848
7 3 0.298528
7 4 0.259248
7 5 0.054992
7 6 0.282816
7 7 0.51064
7 8 0.369232
7 9 0.714896
7 10 0.809168
7 11 0.793456
8 1 0.518496
8 2 0.51064
8 3 0.23568
8 4 0.290672
8 5 0.15712
8 6 0.35352
8 7 0.062848
8 8 0.832736
8 9 0.652048
8 10 0.604912
8 11 0.620624
9 1 0.597056
9 2 0.3928
9 3 0.31424
9 4 0.094272
9 5 0.047136
9 6 0.227824
9 7 0.542064
9 8 0.722752
9 9 0.54992
9 10 0.769888
9 11 0.848448
10 1 1.22554
10 2 1.15483
10 3 0.455648
10 4 0.282816
10 5 0.062848
10 6 0.243536
10 7 0.267104
10 8 0.722752
10 9 0.840592
10 10 0.801312
10 11 0.840592
11 1 0.793456
11 2 0.989856
11 3 0.298528
11 4 0.809168
11 5 0.180688
11 6 0.408512
11 7 0.62848
11 8 0.762032
11 9 0.604912
11 10 0.62848
11 11 0.86416
12 1 0.675616
12 2 0.620624
12 3 0.1964
12 4 0.164976
12 5 0.023568
12 6 0.164976
12 7 0.35352
12 8 0.612768
12 9 0.337808
12 10 0.652048
12 11 0.699184
13 1 0.769888
13 2 0.74632
13 3 0.337808
13 4 0.612768
13 5 0.219968
13 6 0.227824
13 7 0.542064
13 8 0.738464
13 9 0.730608
13 10 0.691328
13 11 0.82488
14 1 0.502784
14 2 0.699184
14 3 0.23568
14 4 0.27496
14 5 0.047136
14 6 0.267104
14 7 0.219968
14 8 0.502784
14 9 0.141408
14 10 0.557776
14 11 0.699184
15 1 0.518496
15 2 0.51064
15 3 0.23568
15 4 0.290672
15 5 0.15712
15 6 0.35352
15 7 0.062848
15 8 0.832736
15 9 0.652048
15 10 0.604912
15 11 0.620624
16 1 0.463504
16 2 0.801312
16 3 0.267104
16 4 0.369232
16 5 0.094272
16 6 0.27496
16 7 0.298528
16 8 0.43208
16 9 0.66776
16 10 0.557776
16 11 0.5892
17 1 0.934864
17 2 0.683472
17 3 0.463504
17 4 0.298528
17 5 0.023568
17 6 0.51064
17 7 0.487072
17 8 0.70704
17 9 0.652048
17 10 0.683472
17 11 0.856304
18 1 0.958432
18 2 1.04485
18 3 0.597056
18 4 0.604912
18 5 0.102128
18 6 0.31424
18 7 0.487072
18 8 0.801312
18 9 0.856304
18 10 0.895584
18 11 0.86416
19 1 0.518496
19 2 0.51064
19 3 0.23568
19 4 0.290672
19 5 0.15712
19 6 0.35352
19 7 0.062848
19 8 0.832736
19 9 0.652048
19 10 0.604912
19 11 0.620624
20 1 0.714896
20 2 0.90344
20 3 0.384944
20 4 0.361376
20 5 0.298528
20 6 0.361376
20 7 0.251392
20 8 0.691328
20 9 0.384944
20 10 0.322096
20 11 0.887728
21 1 0.494928
21 2 0.7856
21 3 0.5892
21 4 0.3928
21 5 0.125696
21 6 0.172832
21 7 0.164976
21 8 0.659904
21 9 0.840592
21 10 0.840592
21 11 0.644192
22 1 0.86416
22 2 0.879872
22 3 0.377088
22 4 0.612768
22 5 0.070704
22 6 0.518496
22 7 0.43208
22 8 0.722752
22 9 0.840592
22 10 0.5892
22 11 1.00557
23 1 0.652048
23 2 0.620624
23 3 0.251392
23 4 0.282816
23 5 0.133552
23 6 0.172832
23 7 0.31424
23 8 0.793456
23 9 0.879872
23 10 0.487072
23 11 0.762032
24 1 1.03699
24 2 1.0527
24 3 0.652048
24 4 0.958432
24 5 0.298528
24 6 0.652048
24 7 0.604912
24 8 1.13912
24 9 1.29624
24 10 0.997712
24 11 1.13912
25 1 0.793456
25 2 0.989856
25 3 0.298528
25 4 0.809168
25 5 0.180688
25 6 0.408512
25 7 0.62848
25 8 0.762032
25 9 0.604912
25 10 0.62848
25 11 0.86416
26 1 0.86416
26 2 0.793456
26 3 0.494928
26 4 0.534208
26 5 0.172832
26 6 0.447792
26 7 0.227824
26 8 0.384944
26 9 0.86416
26 10 0.652048
26 11 0.565632
27 1 1.07627
27 2 0.950576
27 3 0.74632
27 4 0.644192
27 5 0.086416
27 6 0.416368
27 7 0.5892
27 8 0.911296
27 9 1.0527
27 10 1.06056
27 11 0.801312
28 1 0.652048
28 2 0.620624
28 3 0.251392
28 4 0.282816
28 5 0.133552
28 6 0.172832
28 7 0.31424
28 8 0.793456
28 9 0.879872
28 10 0.487072
28 11 0.762032
29 1 0.801312
29 2 0.769888
29 3 0.369232
29 4 0.219968
29 5 0.015712
29 6 0.35352
29 7 0.43208
29 8 0.714896
29 9 0.722752
29 10 0.620624
29 11 0.730608
30 1 0.809168
30 2 0.762032
30 3 0.282816
30 4 0.1964
30 5 0.070704
30 6 0.27496
30 7 0.329952
30 8 0.573488
30 9 0.848448
30 10 0.62848
30 11 0.738464
31 1 0.793456
31 2 0.683472
31 3 0.361376
31 4 0.597056
31 5 0.188544
31 6 0.384944
31 7 0.47136
31 8 0.74632
31 9 0.479216
31 10 0.769888
31 11 0.832736
32 1 1.13126
32 2 0.848448
32 3 0.699184
32 4 0.416368
32 5 0.534208
32 6 0.74632
32 7 0.919152
32 8 1.06056
32 9 1.17054
32 10 0.832736
32 11 1.15483
33 1 0.769888
33 2 0.5892
33 3 0.1964
33 4 0.377088
33 5 0.03928
33 6 0.259248
33 7 0.15712
33 8 0.738464
33 9 0.604912
33 10 0.62848
33 11 0.604912
34 1 0.919152
34 2 0.90344
34 3 0.62848
34 4 0.777744
34 5 0.424224
34 6 0.384944
34 7 0.377088
34 8 0.487072
34 9 0.94272
34 10 0.636336
34 11 0.90344
35 1 0.652048
35 2 0.557776
35 3 0.251392
35 4 0.306384
35 5 0.054992
35 6 0.27496
35 7 0.35352
35 8 0.738464
35 9 0.542064
35 10 0.518496
35 11 0.722752
36 1 0.90344
36 2 0.683472
36 3 0.919152
36 4 0.219968
36 5 0.329952
36 6 0.620624
36 7 0.848448
36 8 0.919152
36 9 0.989856
36 10 0.74632
36 11 0.54992
37 1 0.809168
37 2 0.762032
37 3 0.282816
37 4 0.1964
37 5 0.070704
37 6 0.27496
37 7 0.329952
37 8 0.573488
37 9 0.848448
37 10 0.62848
37 11 0.738464
38 1 0.974144
38 2 0.927008
38 3 0.35352
38 4 0.534208
38 5 0.27496
38 6 0.502784
38 7 0.35352
38 8 0.74632
38 9 0.722752
38 10 0.487072
38 11 0.66776
39 1 0.74632
39 2 1.07627
39 3 0.644192
39 4 0.400656
39 5 0.172832
39 6 0.408512
39 7 0.400656
39 8 0.400656
39 9 0.526352
39 10 0.927008
39 11 0.989856
40 1 0.714896
40 2 0.243536
40 3 0.204256
40 4 0.3928
40 5 0.03928
40 6 0.15712
40 7 0.400656
40 8 0.604912
40 9 0.762032
40 10 0.620624
40 11 0.416368
41 1 0.730608
41 2 0.762032
41 3 0.416368
41 4 0.54992
41 5 0.282816
41 6 0.31424
41 7 0.534208
41 8 0.82488
41 9 0.675616
41 10 0.911296
41 11 0.565632
42 1 0.950576
42 2 0.738464
42 3 0.23568
42 4 0.31424
42 5 0.219968
42 6 0.251392
42 7 0.27496
42 8 0.47136
42 9 0.856304
42 10 0.82488
42 11 1.00557
43 1 1.13126
43 2 0.848448
43 3 0.699184
43 4 0.416368
43 5 0.534208
43 6 0.74632
43 7 0.919152
43 8 1.06056
43 9 1.17054
43 10 0.832736
43 11 1.15483
44 1 0.243536
44 2 0.809168
44 3 0.204256
44 4 0.180688
44 5 0
44 6 0.23568
44 7 0.149264
44 8 0.565632
44 9 0.463504
44 10 0.856304
44 11 0.659904
45 1 0.754176
45 2 0.636336
45 3 0.557776
45 4 0.219968
45 5 0.11784
45 6 0.455648
45 7 0.35352
45 8 0.754176
45 9 0.86416
45 10 0.479216
45 11 0.400656
46 1 1.11555
46 2 0.754176
46 3 0.188544
46 4 0.54992
46 5 0.054992
46 6 0.479216
46 7 0.204256
46 8 0.5892
46 9 0.7856
46 10 0.675616
46 11 0.66776
47 1 0.730608
47 2 0.542064
47 3 0.227824
47 4 0.329952
47 5 0.031424
47 6 0.1964
47 7 0.298528
47 8 0.518496
47 9 0.70704
47 10 0.652048
47 11 0.557776
48 1 0.911296
48 2 0.989856
48 3 0.793456
48 4 0.840592
48 5 0.416368
48 6 0.3928
48 7 0.369232
48 8 0.832736
48 9 0.989856
48 10 0.919152
48 11 0.982
49 1 0.675616
49 2 0.856304
49 3 0.573488
49 4 0.27496
49 5 0.1964
49 6 0.361376
49 7 0.479216
49 8 0.911296
49 9 0.70704
49 10 0.7856
49 11 0.754176
50 1 0.809168
50 2 0.762032
50 3 0.282816
50 4 0.1964
50 5 0.070704
50 6 0.27496
50 7 0.329952
50 8 0.573488
50 9 0.848448
50 10 0.62848
50 11 0.738464
