4 1 1.04485
4 2 0.90344
4 3 0.74632
4 4 0.062848
4 5 0.031424
4 6 0.369232
4 7 1.1784
4 8 1.07627
4 9 1.38266
4 10 1.55549
4 11 1.31981
5 1 0.82488
5 2 0.809168
5 3 0.90344
5 4 0.094272
5 5 0.015712
5 6 0.31424
5 7 0.927008
5 8 0.691328
5 9 0.879872
5 10 1.11555
5 11 0.958432
6 1 0.817024
6 2 0.887728
6 3 0.919152
6 4 0.094272
6 5 0.133552
6 6 0.644192
6 7 1.24125
6 8 0.557776
6 9 1.33552
6 10 1.29624
6 11 1.53978
7 1 0.62848
7 2 0.958432
7 3 0.879872
7 4 0.27496
7 5 0.070704
7 6 0.683472
7 7 0.90344
7 8 1.00557
7 9 1.06056
7 10 1.11555
7 11 1.03699
9 1 0.801312
9 2 0.762032
9 3 0.82488
9 4 0.290672
9 5 0.023568
9 6 0.31424
9 7 0.675616
9 8 0.70704
9 9 0.74632
9 10 0.974144
9 11 1.13912
