5 1 0.934864
5 2 0.581344
5 3 0.243536
5 4 0.267104
5 5 0.109984
5 6 0.243536
5 7 0.408512
5 8 0.699184
5 9 0.777744
5 10 0.604912
5 11 0.722752
6 1 0.86416
6 2 1.02128
6 3 0.573488
6 4 0.31424
6 5 0.070704
6 6 0.259248
6 7 0.227824
6 8 0.793456
6 9 0.817024
6 10 0.565632
6 11 0.738464
7 1 0.90344
7 2 0.62848
7 3 0.298528
7 4 0.259248
7 5 0.054992
7 6 0.282816
7 7 0.51064
7 8 0.369232
7 9 0.714896
7 10 0.809168
7 11 0.793456
8 1 0.518496
8 2 0.51064
8 3 0.23568
8 4 0.290672
8 5 0.15712
8 6 0.35352
8 7 0.062848
8 8 0.832736
8 9 0.652048
8 10 0.604912
8 11 0.620624
10 1 1.22554
10 2 1.15483
10 3 0.455648
10 4 0.282816
10 5 0.062848
10 6 0.243536
10 7 0.267104
10 8 0.722752
10 9 0.840592
10 10 0.801312
10 11 0.840592
