1 3.109172
2 2.884386
3 3.184128
4 3.482798
5 3.146667
6 3.184128
7 3.109018
8 3.034286
9 3.258657
10 3.259048
11 2.921906
12 3.221588
13 3.445451
14 3.482960
15 3.296446
16 3.670963
17 2.996078
18 3.108631
19 2.996682
20 3.596191
21 4.495239
22 3.221255
23 4.532700
24 3.333897
25 4.158096
26 3.371429
27 3.408890
28 3.146667
29 3.895380
30 3.146621
31 3.146667
32 3.071747
33 3.220984
34 3.259048
35 4.869843
36 3.633432
37 3.371429
38 2.959070
39 3.521018
40 3.184128
41 2.809525
42 3.221303
43 3.258892
44 3.071747
45 3.295852
46 3.183860
47 3.146223
48 3.184128
49 3.408712
50 3.145648
