1 3.034286
2 2.734576
3 3.259048
4 2.921791
5 3.109207
6 3.296509
7 3.370545
8 2.921906
9 3.034286
10 2.921438
11 3.184128
12 3.408890
13 3.109207
14 2.959070
15 2.920926
16 2.958969
17 3.071747
18 2.884435
19 2.921906
20 2.846985
21 2.734604
22 2.921906
23 3.483810
24 3.184114
25 3.184128
26 2.846985
27 3.071747
28 2.959366
29 2.959366
30 3.184128
31 2.772064
32 3.221073
33 3.296509
34 2.884445
35 3.070899
36 2.622201
37 2.846985
38 2.921906
39 3.184128
40 2.846985
41 2.772064
42 2.659677
43 3.221588
44 2.921497
45 2.959004
46 3.033774
47 2.884286
48 3.259048
49 2.921674
50 2.734604