1 2.8203
2 2.64894
3 2.41965
4 3.77088
5 3.62162
6 3.84944
7 4.92571
8 2.34894
9 2.77251
10 3.65304
11 3.17104
12 2.82816
13 2.12112
14 2.84322
15 3.23323
16 4.90214
17 3.24387
18 2.72538
19 2.47464
20 2.6789
21 2.06613
22 2.54534
23 1.94829
24 2.69968
25 2.41179
26 1.62619
27 1.919152
28 3.78659
29 3.24453
30 4.69282
31 1.669232
32 2.78888
33 3.0717
34 4.85501
35 4.5172
36 2.57677
37 2.38822
38 4.45435
39 3.76302
40 1.52406
41 2.98528
42 4.9992
43 1.51621
44 2.34894
45 2.54682
46 1.61555
47 3.44322
48 2.73536
49 3.76302
50 1.72046
