1 1.49984
2 2.11326
3 3.4095
4 2.18397
5 2.29395
6 3.13454
7 1.989856
8 3.3388
9 2.52178
10 2.38037
11 3.22096
12 1.730608
13 2.2861
14 3.70803
15 1.94272
16 3.77088
17 2.16826
18 1.82488
19 3.54306
20 3.05598
21 2.16826
22 1.23339
23 1.25696
24 1.4455
25 2.33323
26 2.4275
27 1.58691
28 2.96171
29 2.93029
30 4.1244
31 3.05598
32 2.72603
33 3.11883
34 3.55877
35 1.52914
36 3.64518
37 3.15811
38 3.15026
39 2.47464
40 3.07955
41 4.03798
42 3.52734
43 3.8573
44 1.23568
45 3.22882
46 3.63733
47 1.39837
48 1.31342
49 3.11883
50 3.33094
