1 2.31752
2 2.8203
3 3.00099
4 2.68675
5 2.00328
6 2.86744
7 2.14469
8 2.39608
9 2.39608
10 2.61605
11 2.54534
12 2.2311
13 1.82259
14 2.41965
15 2.25467
16 2.65533
17 2.76531
18 2.33323
19 2.67104
20 2.13683
21 2.56891
22 2.66318
23 2.52178
24 2.10541
25 2.49821
26 2.29395
27 2.19182
28 2.16826
29 2.19968
30 2.89101
31 2.66318
32 2.4825
33 2.33323
34 2.63962
35 2.45893
36 2.40394
37 2.41179
38 2.1604
39 2.97742
40 2.77317
41 2.4825
42 3.41736
43 2.45107
44 2.65533
45 2.67104
46 2.45107
47 2.54534
48 2.41965
49 3.37022
50 2.43536
