1 2.56891
2 2.46678
3 2.27824
4 1.97971
5 2.27824
6 3.03242
7 2.32538
8 2.45107
9 2.13683
10 2.50606
11 2.37251
12 1.97971
13 2.68675
14 2.85958
15 2.07398
16 2.83602
17 1.4455
18 2.66318
19 1.75974
20 2.44322
21 2.1604
22 2.63962
23 1.87758
24 2.51392
25 3.22096
26 2.4825
27 2.44322
28 2.07398
29 2.51392
30 2.2861
31 2.2861
32 1.964
33 1.72832
34 3.62947
35 1.65762
36 2.47464
37 1.84616
38 1.27267
39 2.37251
40 2.05042
41 2.02685
42 1.964
43 2.29395
44 1.97186
45 2.12898
46 2.52178
47 2.6239
48 2.3568
49 1.39837
50 2.05827