1 0.809168
2 0.958432
3 0.809168
4 0.864160
5 0.722752
6 0.738464
7 0.793456
8 0.620624
9 0.848448
10 0.840592
11 0.864160
12 0.699184
13 0.824880
14 0.699184
15 0.620624
16 0.589200
17 0.856304
18 0.864160
19 0.620624
20 0.887728
21 0.644192
22 1.005570
23 0.762032
24 1.139120
25 0.864160
26 0.565632
27 0.801312
28 0.762032
29 0.730608
30 0.738464
31 0.832736
32 1.154830
33 0.604912
34 0.903440
35 0.722752
36 0.549920
37 0.738464
38 0.667760
39 0.989856
40 0.416368
41 0.565632
42 1.005570
43 1.154830
44 0.659904
45 0.400656
46 0.667760
47 0.557776
48 0.982000
49 0.754176
50 0.738464
