1 1 0.604912
1 2 0.652048
1 3 0.70704
1 4 0.070704
1 5 0.023568
1 6 0.290672
1 7 1.0527
1 8 1.23339
1 9 1.00557
1 10 1.04485
1 11 0.848448
2 1 0.958432
2 2 0.82488
2 3 0.801312
2 4 0.329952
2 5 0.125696
2 6 0.62848
2 7 1.0527
2 8 1.09198
2 9 1.20982
2 10 1.08413
2 11 1.3041
3 1 0.777744
3 2 0.70704
3 3 0.204256
3 4 0.047136
3 5 0.070704
3 6 0.439936
3 7 0.86416
3 8 0.801312
3 9 0.911296
3 10 1.23339
3 11 1.43765
4 1 1.04485
4 2 0.90344
4 3 0.74632
4 4 0.062848
4 5 0.031424
4 6 0.369232
4 7 1.1784
4 8 1.07627
4 9 1.38266
4 10 1.55549
4 11 1.31981
5 1 0.82488
5 2 0.809168
5 3 0.90344
5 4 0.094272
5 5 0.015712
5 6 0.31424
5 7 0.927008
5 8 0.691328
5 9 0.879872
5 10 1.11555
5 11 0.958432
6 1 0.817024
6 2 0.887728
6 3 0.919152
6 4 0.094272
6 5 0.133552
6 6 0.644192
6 7 1.24125
6 8 0.557776
6 9 1.33552
6 10 1.29624
6 11 1.53978
7 1 0.62848
7 2 0.958432
7 3 0.879872
7 4 0.27496
7 5 0.070704
7 6 0.683472
7 7 0.90344
7 8 1.00557
7 9 1.06056
7 10 1.11555
7 11 1.03699
8 1 0.612768
8 2 0.90344
8 3 0.94272
8 4 0.35352
8 5 0.172832
8 6 0.66776
8 7 1.08413
8 8 0.895584
8 9 0.769888
8 10 0.809168
8 11 1.23339
9 1 0.801312
9 2 0.762032
9 3 0.82488
9 4 0.290672
9 5 0.023568
9 6 0.31424
9 7 0.675616
9 8 0.70704
9 9 0.74632
9 10 0.974144
9 11 1.13912
10 1 0.769888
10 2 0.754176
10 3 0.70704
10 4 0.062848
10 5 0.047136
10 6 0.219968
10 7 1.03699
10 8 0.714896
10 9 1.13126
10 10 0.974144
10 11 1.27267
11 1 0.966288
11 2 0.74632
11 3 0.911296
11 4 0.369232
11 5 0.102128
11 6 0.51064
11 7 1.28838
11 8 0.895584
11 9 1.31195
11 10 1.23339
11 11 1.15483
12 1 1.04485
12 2 0.620624
12 3 0.793456
12 4 0.109984
12 5 0.062848
12 6 0.400656
12 7 0.90344
12 8 1.06056
12 9 0.895584
12 10 1.06842
12 11 1.12341
13 1 0.722752
13 2 0.604912
13 3 0.597056
13 4 0.03928
13 5 0.102128
13 6 0.361376
13 7 0.793456
13 8 1.1077
13 9 1.04485
13 10 0.738464
13 11 1.03699
14 1 0.895584
14 2 1.06056
14 3 0.762032
14 4 0.298528
14 5 0.109984
14 6 0.267104
14 7 0.769888
14 8 0.612768
14 9 1.15483
14 10 0.801312
14 11 1.18626
15 1 0.769888
15 2 0.70704
15 3 0.636336
15 4 0.03928
15 5 0.007856
15 6 0.345664
15 7 1.02914
15 8 0.604912
15 9 1.24125
15 10 1.13912
15 11 1.0527
16 1 0.895584
16 2 0.683472
16 3 0.840592
16 4 0.1964
16 5 0.070704
16 6 0.345664
16 7 1.09198
16 8 0.793456
16 9 0.597056
16 10 0.966288
16 11 0.934864
17 1 0.479216
17 2 0.762032
17 3 0.738464
17 4 0.086416
17 5 0.023568
17 6 0.243536
17 7 0.82488
17 8 0.90344
17 9 0.989856
17 10 1.11555
17 11 1.07627
18 1 0.769888
18 2 0.840592
18 3 0.82488
18 4 0.102128
18 5 0.07856
18 6 0.369232
18 7 0.989856
18 8 0.754176
18 9 1.18626
18 10 1.09198
18 11 0.982
19 1 0.958432
19 2 0.82488
19 3 0.801312
19 4 0.329952
19 5 0.125696
19 6 0.62848
19 7 1.0527
19 8 1.09198
19 9 1.20982
19 10 1.08413
19 11 1.3041
20 1 0.879872
20 2 0.691328
20 3 0.565632
20 4 0.03928
20 5 0.062848
20 6 0.31424
20 7 0.581344
20 8 0.762032
20 9 0.982
20 10 1.12341
20 11 0.989856
21 1 0.683472
21 2 0.997712
21 3 0.887728
21 4 0.141408
21 5 0.07856
21 6 0.337808
21 7 0.86416
21 8 0.70704
21 9 1.14698
21 10 0.966288
21 11 1.16269
22 1 0.683472
22 2 0.5892
22 3 0.94272
22 4 0.070704
22 5 0.062848
22 6 0.23568
22 7 0.777744
22 8 0.856304
22 9 0.997712
22 10 1.03699
22 11 0.982
23 1 0.927008
23 2 0.769888
23 3 0.70704
23 4 0.227824
23 5 0.023568
23 6 0.188544
23 7 0.982
23 8 1.20197
23 9 1.0527
23 10 1.15483
23 11 0.94272
24 1 0.573488
24 2 0.730608
24 3 0.7856
24 4 0.047136
24 5 0.047136
24 6 0.51064
24 7 0.762032
24 8 1.06056
24 9 1.13126
24 10 1.02914
24 11 1.12341
25 1 0.502784
25 2 0.809168
25 3 0.801312
25 4 0.149264
25 5 0.047136
25 6 0.212112
25 7 0.872016
25 8 0.322096
25 9 1.08413
25 10 1.02914
25 11 1.01342
26 1 0.754176
26 2 0.90344
26 3 0.840592
26 4 0.086416
26 5 0.086416
26 6 0.730608
26 7 0.997712
26 8 0.66776
26 9 0.74632
26 10 1.03699
26 11 0.989856
27 1 0.7856
27 2 0.934864
27 3 0.950576
27 4 0.054992
27 5 0.03928
27 6 0.322096
27 7 0.856304
27 8 0.730608
27 9 1.04485
27 10 0.950576
27 11 1.01342
28 1 0.966288
28 2 0.950576
28 3 0.934864
28 4 0.227824
28 5 0.070704
28 6 0.573488
28 7 1.08413
28 8 0.982
28 9 1.20982
28 10 0.997712
28 11 0.895584
29 1 0.518496
29 2 0.479216
29 3 0.5892
29 4 0.11784
29 5 0.03928
29 6 0.384944
29 7 0.70704
29 8 0.762032
29 9 0.691328
29 10 1.06056
29 11 1.02128
30 1 0.86416
30 2 0.982
30 3 0.604912
30 4 0.424224
30 5 0.109984
30 6 0.872016
30 7 1.1784
30 8 1.06056
30 9 1.26482
30 10 0.958432
30 11 1.3041
31 1 0.950576
31 2 0.887728
31 3 0.911296
31 4 0.35352
31 5 0.07856
31 6 0.15712
31 7 0.722752
31 8 0.958432
31 9 1.34338
31 10 1.19411
31 11 1.28053
32 1 0.856304
32 2 0.793456
32 3 0.35352
32 4 0.070704
32 5 0.054992
32 6 0.188544
32 7 0.7856
32 8 0.652048
32 9 0.997712
32 10 1.16269
32 11 1.00557
33 1 0.801312
33 2 0.730608
33 3 0.856304
33 4 0.212112
33 5 0.031424
33 6 0.31424
33 7 0.911296
33 8 0.526352
33 9 1.01342
33 10 0.832736
33 11 1.12341
34 1 0.683472
34 2 0.762032
34 3 0.777744
34 4 0.062848
34 5 0.03928
34 6 0.597056
34 7 0.738464
34 8 0.777744
34 9 0.887728
34 10 1.22554
34 11 0.872016
35 1 0.675616
35 2 0.801312
35 3 0.887728
35 4 0.07856
35 5 0.031424
35 6 0.416368
35 7 0.997712
35 8 0.738464
35 9 1.31981
35 10 0.966288
35 11 0.950576
36 1 0.966288
36 2 0.950576
36 3 0.934864
36 4 0.227824
36 5 0.070704
36 6 0.573488
36 7 1.08413
36 8 0.982
36 9 1.20982
36 10 0.997712
36 11 0.895584
37 1 0.82488
37 2 0.714896
37 3 0.989856
37 4 0.227824
37 5 0.054992
37 6 0.463504
37 7 1.09198
37 8 0.90344
37 9 1.31981
37 10 1.31195
37 11 1.24125
38 1 0.966288
38 2 0.47136
38 3 0.447792
38 4 0.1964
38 5 0.047136
38 6 0.856304
38 7 1.08413
38 8 0.919152
38 9 1.06056
38 10 1.28838
38 11 1.3748
39 1 0.856304
39 2 0.518496
39 3 0.573488
39 4 0.023568
39 5 0.023568
39 6 0.345664
39 7 0.856304
39 8 0.597056
39 9 1.0527
39 10 0.691328
39 11 0.974144
40 1 0.683472
40 2 0.911296
40 3 0.887728
40 4 0.35352
40 5 0.180688
40 6 0.400656
40 7 1.27267
40 8 0.895584
40 9 1.21768
40 10 1.13912
40 11 1.29624
41 1 0.895584
41 2 0.683472
41 3 0.840592
41 4 0.1964
41 5 0.070704
41 6 0.345664
41 7 1.09198
41 8 0.793456
41 9 0.597056
41 10 0.966288
41 11 0.934864
42 1 0.966288
42 2 0.950576
42 3 0.934864
42 4 0.227824
42 5 0.070704
42 6 0.573488
42 7 1.08413
42 8 0.982
42 9 1.20982
42 10 0.997712
42 11 0.895584
43 1 0.573488
43 2 1.00557
43 3 0.90344
43 4 0.070704
43 5 0.023568
43 6 0.447792
43 7 0.950576
43 8 0.754176
43 9 1.12341
43 10 0.950576
43 11 0.856304
44 1 0.3928
44 2 0.801312
44 3 0.769888
44 4 0.377088
44 5 0.062848
44 6 0.102128
44 7 1.14698
44 8 0.832736
44 9 1.1077
44 10 1.09984
44 11 1.24125
45 1 0.86416
45 2 0.809168
45 3 0.927008
45 4 0.1964
45 5 0.054992
45 6 0.47136
45 7 0.911296
45 8 0.7856
45 9 1.02128
45 10 0.895584
45 11 1.15483
46 1 0.3928
46 2 0.573488
46 3 0.502784
46 4 0.054992
46 5 0.047136
46 6 0.172832
46 7 0.730608
46 8 0.659904
46 9 0.911296
46 10 0.70704
46 11 1.03699
47 1 0.934864
47 2 0.90344
47 3 0.581344
47 4 0.102128
47 5 0.03928
47 6 0.259248
47 7 0.762032
47 8 0.604912
47 9 0.809168
47 10 1.14698
47 11 0.911296
48 1 0.683472
48 2 0.604912
48 3 0.683472
48 4 0.054992
48 5 0.023568
48 6 0.290672
48 7 0.887728
48 8 0.644192
48 9 0.997712
48 10 1.18626
48 11 0.856304
49 1 0.573488
49 2 1.00557
49 3 0.90344
49 4 0.070704
49 5 0.023568
49 6 0.447792
49 7 0.950576
49 8 0.754176
49 9 1.12341
49 10 0.950576
49 11 0.856304
50 1 0.54992
50 2 1.02914
50 3 0.934864
50 4 0.094272
50 5 0.054992
50 6 0.455648
50 7 0.958432
50 8 1.14698
50 9 0.911296
50 10 1.16269
50 11 1.20982