1 0.848448
2 1.304100
3 1.437650
4 1.319810
5 0.958432
6 1.539780
7 1.036990
8 1.233390
9 1.139120
10 1.272670
11 1.154830
12 1.123410
13 1.036990
14 1.186260
15 1.052700
16 0.934864
17 1.076270
18 0.982000
19 1.304100
20 0.989856
21 1.162690
22 0.982000
23 0.942720
24 1.123410
25 1.013420
26 0.989856
27 1.013420
28 0.895584
29 1.021280
30 1.304100
31 1.280530
32 1.005570
33 1.123410
34 0.872016
35 0.950576
36 0.895584
37 1.241250
38 1.374800
39 0.974144
40 1.296240
41 0.934864
42 0.895584
43 0.856304
44 1.241250
45 1.154830
46 1.036990
47 0.911296
48 0.856304
49 0.856304
50 1.209820
