1 2.1604
2 2.26253
3 2.12112
4 2.33323
5 2.63962
6 2.65533
7 2.59248
8 1.77546
9 2.83602
10 2.18397
11 2.12898
12 1.61834
13 2.1604
14 1.65762
15 3.33094
16 2.30181
17 2.1604
18 1.68118
19 1.61048
20 2.34894
21 2.64747
22 3.57448
23 1.47693
24 2.33323
25 2.77317
26 2.56106
27 2.72603
28 1.49264
29 2.39608
30 1.49264
31 2.30966
32 3.51163
33 1.74403
34 2.45107
35 2.07398
36 1.28838
37 2.85958
38 2.946
39 2.46678
40 1.39837
41 1.79902
42 1.5712
43 1.58691
44 2.80459
45 2.75746
46 3.49592
47 1.5712
48 2.67104
49 2.0347
50 1.59477