0 -66.6586 -62.0487
-66.6586 0 -57.1088
0 0 0
0 -65.1656 -60.5557
-65.1656 0 -55.6158
0 0 0
0 -64.1182 -59.5084
-74.1182 -48.6777 -64.5685
-69.5084 -64.5685 0
0 -65.2453 -60.6354
-68.9519 -43.5114 -59.4022
-64.3421 -59.4022 0
0 -66.7714 -62.1615
-66.6586 -41.218 -57.1088
-62.0487 -57.1088 0
0 -69.145 -64.5351
-65.1656 -39.7251 -55.6158
-60.5557 -55.6158 0
-49.3472 -74.7877 -70.1778
-64.1182 -49.3472 -54.5685
-64.3421 -64.5685 0
0 0 0
0 0 -55.6955
-60.6354 -55.6955 0
0 0 0
0 0 -57.2216
-62.1615 -57.2216 0
0 0 0
0 0 -59.5953
-64.5351 -59.5953 0
0 0 0
0 0 -65.238
-70.1778 -65.238 0
