0 -65.8209 -62.0487
-65.8209 0 -55.4871
0 0 0
0 -64.3279 -60.5557
-64.3279 0 -53.9941
0 0 0
0 -63.2805 -59.5084
-73.2805 -48.6777 -62.9468
-69.5084 -62.9468 0
0 -64.4076 -60.6354
-68.1142 -43.5114 -57.7805
-64.3421 -57.7805 0
0 -65.9337 -62.1615
-65.8209 -41.218 -55.4871
-62.0487 -55.4871 0
0 -68.3073 -64.5351
-64.3279 -39.7251 -53.9941
-60.5557 -53.9941 0
-49.3472 -73.95 -70.1778
-63.2805 -49.3472 -52.9468
-69.5084 -62.9468 0
0 0 0
0 0 -54.0738
-60.6354 -54.0738 0
0 0 0
0 0 -55.5999
-62.1615 -55.5999 0
0 0 0
0 0 -57.9735
-64.5351 -57.9735 0
0 0 0
0 0 -63.6162
-70.1778 -63.6162 0
