0 -69.6014 -62.0487
-68.1496 0 -63.4325
0 0 0
0 -68.1084 -60.5557
-68.1084 0 -61.9395
0 0 0
0 -67.061 -59.5084
-77.061 -48.6777 -60.8922
-69.5084 -70.8922 0
0 -68.1881 -60.6354
-71.8947 -43.5114 -65.7259
-64.3421 -65.7259 0
0 -69.7142 -62.1615
-69.6014 -41.218 -63.4325
-62.0487 -63.4325 0
0 -70.636 -64.5351
-68.1084 -39.7251 -65.9189
-60.5557 -61.9395 0
-49.3472 -77.7305 -70.1778
-67.061 -49.3472 -60.8922
-69.5084 -65.7259 0
0 0 0
0 0 -59.1174
-60.6354 -62.0192 0
0 0 0
0 0 -63.5453
-62.1615 -63.5453 0
0 0 0
0 0 -65.9189
-64.5351 -65.9189 0
0 0 0
0 0 -71.5616
-70.1778 -71.5616 0
