0 -64.0017 -62.0487
-64.0017 0 -64.556
0 0 0
0 -62.5088 -60.5557
-62.5088 0 -63.063
0 0 0
0 -61.4614 -59.5084
-71.4614 -48.6777 -72.0156
-69.5084 -72.0156 0
0 -62.5885 -60.6354
-66.2951 -43.5114 -66.8494
-64.3421 -66.8494 0
0 -64.1146 -62.1615
-64.0017 -41.218 -64.556
-62.0487 -64.556 0
0 -66.4882 -64.5351
-62.5088 -39.7251 -63.063
-60.5557 -63.063 0
-49.3472 -72.1309 -70.1778
-61.4614 -49.3472 -62.0156
-69.5084 -72.0156 0
0 0 0
0 0 -63.1427
-60.6354 -63.1427 0
0 0 0
0 0 -64.6688
-62.1615 -64.6688 0
0 0 0
0 0 -67.0424
-64.5351 -67.0424 0
0 0 0
0 0 -72.6851
-70.1778 -72.6851 0
