0 -65.9213 -62.0487
-65.9213 0 -61.826
0 0 0
0 -64.4283 -60.5557
-64.4283 0 -60.333
0 0 0
0 -63.3809 -59.5084
-73.3809 -48.6777 -67.9904
-69.5084 -69.2856 0
0 -64.508 -60.6354
-68.2147 -43.5114 -64.1193
-64.3421 -64.1193 0
0 -66.0341 -62.1615
-65.9213 -41.218 -60.5307
-62.0487 -61.826 0
0 -68.4077 -64.5351
-64.4283 -39.7251 -60.333
-60.5557 -60.333 0
-49.3472 -74.0504 -70.1778
-63.3809 -49.3472 -59.2856
-69.5084 -69.2856 0
0 0 0
0 0 -60.4127
-60.6354 -60.4127 0
0 0 0
0 0 -61.9388
-62.1615 -61.9388 0
0 0 0
0 0 -64.3124
-64.5351 -64.3124 0
0 0 0
0 0 -69.9551
-70.1778 -69.9551 0
