0 -67.8 -62.0487
-67.8 0 -60.5307
0 0 0
0 -66.307 -60.5557
-66.307 0 -59.0377
0 0 0
0 -65.2596 -59.5084
-75.2596 -48.6777 -67.9904
-69.5084 -67.9904 0
0 -66.3867 -60.6354
-70.0933 -43.5114 -62.8241
-64.3421 -62.8241 0
0 -67.9128 -62.1615
-67.8 -41.218 -60.5307
-62.0487 -60.5307 0
0 -70.2864 -64.5351
-65.4967 -39.7251 -59.0377
-60.5557 -59.0377 0
-49.3472 -75.9291 -70.1778
-65.2596 -49.3472 -57.9904
-69.5084 -67.9904 0
0 0 0
0 0 -59.1174
-60.6354 -59.1174 0
0 0 0
0 0 -60.6435
-62.1615 -60.6435 0
0 0 0
0 0 -63.0171
-64.5351 -63.0171 0
0 0 0
0 0 -68.6599
-70.1778 -68.6599 0
