0 -63.3773 -62.0487
-63.3773 0 -48.0618
0 0 0
0 -61.8843 -60.5557
-61.8843 0 -50.5722
0 0 0
0 -60.837 -59.5084
-70.837 -48.6777 -59.5249
-62.0487 -54.3586 0
0 -61.964 -60.6354
-65.6707 -43.5114 -46.6485
-64.3421 -54.3586 0
0 -63.4901 -62.1615
-63.3773 -41.218 -52.0652
-62.0487 -52.0652 0
0 -65.8637 -64.5351
-61.8843 -39.7251 -62.8851
-60.5557 -50.5722 0
-49.3472 -71.5065 -70.1778
-60.837 -49.3472 -60.1943
-69.5084 -59.5249 0
0 0 0
0 0 -50.6519
-60.6354 -50.6519 0
0 0 0
0 0 -52.178
-62.1615 -52.178 0
0 0 0
0 0 -54.5516
-64.5351 -54.5516 0
0 0 0
0 0 -60.1943
-70.1778 -60.1943 0
