0 -68.6697 -62.0487
-68.6697 0 -62.3309
0 0 0
0 -67.1768 -60.5557
-67.1768 0 -60.8379
0 0 0
0 -66.1294 -59.5084
-76.1294 -48.6777 -69.7905
-69.5084 -69.7905 0
0 -64.508 -60.6354
-74.0001 -43.5114 -64.6242
-64.3421 -64.6242 0
0 -68.7826 -62.1615
-68.6697 -41.218 -62.3309
-62.0487 -62.3309 0
0 -71.1562 -64.5351
-67.1768 -39.7251 -60.8379
-60.5557 -60.8379 0
-49.3472 -76.7989 -70.1778
-66.1294 -49.3472 -59.7905
-69.5084 -69.7905 0
0 0 0
0 0 -60.9176
-60.6354 -60.9176 0
0 0 0
0 0 -62.4437
-62.1615 -62.4437 0
0 0 0
0 0 -64.8173
-64.5351 -64.8173 0
0 0 0
0 0 -70.46
-70.1778 -70.46 0
