0 -62.851 -62.0487
-62.851 0 -48.0618
0 0 0
0 -61.358 -60.5557
-61.358 0 -46.5688
0 0 0
0 -60.3107 -59.5084
-70.3107 -48.6777 -55.5215
-69.5084 -55.5215 0
0 -61.4377 -60.6354
-65.1444 -43.5114 -46.6485
-64.3421 -50.3552 0
0 -62.9638 -62.1615
-62.851 -41.218 -48.0618
-62.0487 -48.0618 0
0 -65.3374 -64.5351
-61.358 -39.7251 -62.8851
-60.5557 -46.5688 0
-49.3472 -70.9802 -70.1778
-60.3107 -49.3472 -45.5215
-69.5084 -55.5215 0
0 0 0
0 0 -46.6485
-60.6354 -46.6485 0
0 0 0
0 0 -48.1746
-62.1615 -48.1746 0
0 0 0
0 0 -66.8645
-64.5351 -50.5482 0
0 0 0
0 0 -56.191
-70.1778 -56.191 0
