0 -55.2049 -62.0487
-69.3432 0 -60.8184
0 0 0
0 -53.7119 -60.5557
-53.7119 0 -59.3254
0 0 0
0 -52.6646 -59.5084
-62.6646 -48.6777 -68.2781
-69.5084 -68.2781 0
0 -53.7916 -60.6354
-57.4983 -43.5114 -63.1118
-64.3421 -63.1118 0
0 -55.3177 -62.1615
-55.2049 -41.218 -60.8184
-62.0487 -60.8184 0
0 -57.6913 -64.5351
-53.7119 -39.7251 -59.3254
-60.5557 -59.3254 0
-49.3472 -63.334 -70.1778
-52.6646 -49.3472 -58.2781
-64.3421 -68.2781 0
0 0 0
0 0 -59.4051
-60.6354 -59.4051 0
0 0 0
0 0 -60.9312
-62.1615 -60.9312 0
0 0 0
0 0 -63.3048
-64.5351 -63.3048 0
0 0 0
0 0 -68.9475
-70.1778 -68.9475 0
