0 -71.2219 -62.0487
-63.1503 0 -57.8415
0 0 0
0 -69.7289 -60.5557
-69.7289 0 -64.7799
0 0 0
0 -68.6815 -59.5084
-78.6815 -48.6777 -73.7326
-69.5084 -73.7326 0
0 -69.8086 -60.6354
-73.5152 -43.5114 -64.8596
-64.3421 -68.5663 0
0 -63.2631 -62.1615
-71.2219 -41.218 -66.2729
-62.0487 -66.2729 0
0 -65.6367 -64.5351
-69.7289 -39.7251 -68.7593
-60.5557 -64.7799 0
-49.3472 -79.351 -70.1778
-68.6815 -49.3472 -63.7326
-62.0487 -73.7326 0
0 0 0
0 0 -56.4283
-60.6354 -64.8596 0
0 0 0
0 0 -66.3857
-62.1615 -66.3857 0
0 0 0
0 0 -68.7593
-64.5351 -68.7593 0
0 0 0
0 0 -74.402
-70.1778 -74.402 0
