0 -59.4291 -62.0487
-59.4291 0 -60.7244
0 0 0
0 -57.9361 -60.5557
-57.9361 0 -59.2314
0 0 0
0 -56.8888 -59.5084
-66.8888 -48.6777 -68.184
-69.5084 -68.184 0
0 -58.0158 -60.6354
-61.7225 -43.5114 -63.0177
-64.3421 -63.0177 0
0 -59.5419 -62.1615
-59.4291 -41.218 -41.218
-62.0487 -60.7244 0
0 -61.9155 -64.5351
-57.9361 -39.7251 -59.2314
-60.5557 -59.2314 0
-49.3472 -67.5583 -70.1778
-56.8888 -49.3472 -58.184
-69.5084 -68.184 0
0 0 0
0 0 -59.3111
-60.6354 -59.3111 0
0 0 0
0 0 -60.8372
-62.1615 -60.8372 0
0 0 0
0 0 -63.2108
-64.5351 -63.2108 0
0 0 0
0 0 -68.8535
-70.1778 -68.8535 0
