0 -70.2211 -62.0487
-70.2211 0 -65.1713
0 0 0
0 -68.7281 -60.5557
-68.7281 0 -63.6783
0 0 0
0 -67.6808 -59.5084
-77.6808 -48.6777 -72.631
-69.5084 -72.631 0
0 -64.508 -60.6354
-72.5145 -43.5114 -67.4647
-64.3421 -67.4647 0
0 -70.3339 -62.1615
-70.2211 -41.218 -65.1713
-62.0487 -65.1713 0
0 -72.7075 -64.5351
-68.7281 -39.7251 -63.6783
-60.5557 -60.8379 0
-49.3472 -78.3503 -70.1778
-67.6808 -49.3472 -62.631
-64.3421 -67.4647 0
0 0 0
0 0 -63.758
-60.6354 -63.758 0
0 0 0
0 0 -65.2841
-62.1615 -65.2841 0
0 0 0
0 0 -67.6577
-64.5351 -67.6577 0
0 0 0
0 0 -73.3004
-70.1778 -73.3004 0
