0 -63.8529 -62.0487
-63.8529 0 -57.3025
0 0 0
0 -62.3599 -60.5557
-62.3599 0 -55.8095
0 0 0
0 -61.3126 -59.5084
-71.3126 -48.6777 -64.7621
-69.5084 -64.7621 0
0 -62.4396 -60.6354
-66.1463 -43.5114 -59.5958
-64.3421 -59.5958 0
0 -63.9657 -62.1615
-63.8529 -41.218 -57.3025
-62.0487 -57.3025 0
0 -66.3393 -64.5351
-62.3599 -39.7251 -55.8095
-60.5557 -55.8095 0
-49.3472 -71.982 -70.1778
-61.3126 -49.3472 -54.7621
-69.5084 -64.7621 0
0 0 0
0 0 -55.8892
-60.6354 -55.8892 0
0 0 0
0 0 -57.4153
-62.1615 -57.4153 0
0 0 0
0 0 -59.7889
-64.5351 -59.7889 0
0 0 0
0 0 -65.4316
-70.1778 -65.4316 0
