0 -65.9213 -62.0487
-71.7068 0 -67.1986
0 0 0
0 -64.4283 -60.5557
-64.4283 0 -56.3486
0 0 0
0 -63.3809 -59.5084
-73.3809 -48.6777 -65.3012
-69.5084 -65.3012 0
0 -64.508 -60.6354
-74.0001 -43.5114 -69.492
-64.3421 -60.1349 0
0 -71.8196 -62.1615
-65.9213 -41.218 -57.8415
-62.0487 -57.8415 0
0 -68.4077 -64.5351
-64.4283 -39.7251 -56.3486
-60.5557 -56.3486 0
-49.3472 -74.0504 -70.1778
-63.3809 -49.3472 -55.3012
-69.5084 -65.3012 0
0 0 0
0 0 -56.4283
-60.6354 -56.4283 0
0 0 0
0 0 -57.9544
-62.1615 -57.9544 0
0 0 0
0 0 -60.328
-64.5351 -60.328 0
0 0 0
0 0 -65.9707
-70.1778 -65.9707 0
