0 -60.0106 -62.0487
-60.0106 0 -49.1634
0 0 0
0 -58.5176 -60.5557
-58.5176 0 -47.6705
0 0 0
0 -57.4703 -59.5084
-67.4703 -48.6777 -56.6231
-69.5084 -56.6231 0
0 -58.5973 -60.6354
-62.304 -43.5114 -51.4568
-64.3421 -51.4568 0
0 -60.1234 -62.1615
-60.0106 -41.218 -49.1634
-62.0487 -49.1634 0
0 -62.497 -64.5351
-58.5176 -39.7251 -47.6705
-60.5557 -47.6705 0
-49.3472 -68.1397 -70.1778
-57.4703 -49.3472 -46.6231
-69.5084 -56.6231 0
0 0 0
0 0 -47.7501
-60.6354 -47.7501 0
0 0 0
0 0 -49.2762
-62.1615 -49.2762 0
0 0 0
0 0 -51.6499
-64.5351 -51.6499 0
0 0 0
0 0 -57.2926
-70.1778 -57.2926 0
