0 -65.1713 -62.0487
-65.1713 0 -58.909
0 0 0
0 -63.6783 -60.5557
-63.6783 0 -57.416
0 0 0
0 -62.631 -59.5084
-72.631 -48.6777 -66.3686
-64.3421 -66.3686 0
0 -63.758 -60.6354
-63.758 -43.5114 -61.2024
-64.3421 -61.2024 0
0 -65.2841 -62.1615
-65.1713 -41.218 -58.909
-62.0487 -58.909 0
0 -67.6577 -64.5351
-67.6577 -39.7251 -57.416
-60.5557 -57.416 0
-49.3472 -73.3004 -70.1778
-62.631 -49.3472 -56.3686
-64.3421 -66.3686 0
0 0 0
0 0 -57.4957
-60.6354 -57.4957 0
0 0 0
0 0 -59.0218
-62.1615 -59.0218 0
0 0 0
0 0 -61.3954
-64.5351 -61.3954 0
0 0 0
0 0 -67.0381
-70.1778 -67.0381 0
