0 -69.7714 -62.0487
-69.7714 0 -64.0017
0 0 0
0 -68.2784 -60.5557
-68.2784 0 -62.5088
0 0 0
0 -67.231 -59.5084
-77.231 -48.6777 -71.4614
-69.5084 -71.4614 0
0 -68.3581 -60.6354
-72.0647 -43.5114 -62.5885
-64.3421 -66.2951 0
0 -69.8842 -62.1615
-69.7714 -41.218 -64.0017
-62.0487 -64.0017 0
0 -72.2578 -64.5351
-68.2784 -39.7251 -62.5088
-60.5557 -62.5088 0
-49.3472 -77.9005 -70.1778
-67.231 -49.3472 -61.4614
-69.5084 -71.4614 0
0 0 0
0 0 -59.3111
-60.6354 -62.5885 0
0 0 0
0 0 -64.1146
-62.1615 -64.1146 0
0 0 0
0 0 -66.4882
-64.5351 -66.4882 0
0 0 0
0 0 -72.1309
-70.1778 -72.1309 0
