0 -63.1503 -62.0487
-63.1503 0 -55.2049
0 0 0
0 -61.6573 -60.5557
-61.6573 0 -53.7119
0 0 0
0 -60.61 -59.5084
-70.61 -48.6777 -62.6646
-64.3421 -62.6646 0
0 -61.737 -60.6354
-65.4437 -43.5114 -57.4983
-64.3421 -57.4983 0
0 -63.2631 -62.1615
-63.1503 -41.218 -55.2049
-62.0487 -55.2049 0
0 -65.6367 -64.5351
-61.6573 -39.7251 -53.7119
-60.5557 -53.7119 0
-49.3472 -71.2794 -70.1778
-60.61 -49.3472 -52.6646
-69.5084 -62.6646 0
0 0 0
0 0 -53.7916
-60.6354 -53.7916 0
0 0 0
0 0 -55.3177
-62.1615 -55.3177 0
0 0 0
0 0 -57.6913
-64.5351 -57.6913 0
0 0 0
0 0 -63.334
-70.1778 -63.334 0
