0 -71.7068 -62.0487
-71.7068 0 -67.1986
0 0 0
0 -70.2138 -60.5557
-70.2138 0 -65.7057
0 0 0
0 -69.1664 -59.5084
-79.1664 -48.6777 -74.6583
-69.5084 -74.6583 0
0 -70.2935 -60.6354
-74.0001 -43.5114 -69.492
-64.3421 -69.492 0
0 -71.8196 -62.1615
-71.8196 -41.218 -67.1986
-62.0487 -67.1986 0
0 -74.1932 -64.5351
-70.2138 -39.7251 -65.7057
-60.5557 -65.7057 0
-49.3472 -79.8359 -70.1778
-69.1664 -49.3472 -64.6583
-69.5084 -74.6583 0
0 0 0
0 0 -65.7853
-60.6354 -65.7853 0
0 0 0
0 0 -67.3114
-62.1615 -67.3114 0
0 0 0
0 0 -59.7889
-64.5351 -69.6851 0
0 0 0
0 0 -75.3278
-70.1778 -75.3278 0
