0 -56.0072 -62.0487
-56.0072 0 -59.4291
0 0 0
0 -54.5142 -60.5557
-54.5142 0 -54.5142
0 0 0
0 -53.4669 -59.5084
-63.4669 -48.6777 -63.4669
-69.5084 -66.8888 0
0 -54.5939 -60.6354
-58.3006 -43.5114 -61.7225
-64.3421 -61.7225 0
0 -56.12 -62.1615
-56.0072 -41.218 -59.4291
-62.0487 -59.4291 0
0 -58.4936 -64.5351
-54.5142 -39.7251 -57.9361
-60.5557 -57.9361 0
-49.3472 -64.1364 -70.1778
-53.4669 -49.3472 -56.8888
-64.3421 -66.8888 0
0 0 0
0 0 -58.0158
-60.6354 -58.0158 0
0 0 0
0 0 -59.5419
-62.1615 -59.5419 0
0 0 0
0 0 -61.9155
-64.5351 -61.9155 0
0 0 0
0 0 -67.5583
-70.1778 -67.5583 0
