0 -66.9896 -62.0487
-66.9896 0 -57.8415
0 0 0
0 -65.4967 -60.5557
-65.4967 0 -56.3486
0 0 0
0 -64.4493 -59.5084
-74.4493 -48.6777 -65.3012
-69.5084 -65.3012 0
0 -65.5764 -60.6354
-69.283 -43.5114 -60.1349
-64.3421 -60.1349 0
0 -67.1025 -62.1615
-66.9896 -41.218 -57.8415
-62.0487 -57.8415 0
0 -69.4761 -64.5351
-65.4967 -39.7251 -56.3486
-60.5557 -56.3486 0
-49.3472 -75.1188 -70.1778
-64.4493 -49.3472 -55.3012
-69.5084 -65.3012 0
0 0 0
0 0 -56.4283
-60.6354 -56.4283 0
0 0 0
0 0 -57.9544
-62.1615 -57.9544 0
0 0 0
0 0 -60.328
-64.5351 -60.328 0
0 0 0
0 0 -65.9707
-70.1778 -65.9707 0
