0 -70.1231 -62.0487
-70.1231 0 -64.3781
0 0 0
0 -68.6301 -60.5557
-68.6301 0 -59.7705
0 0 0
0 -67.5827 -59.5084
-77.5827 -48.6777 -71.8377
-69.5084 -71.8377 0
0 -68.7098 -60.6354
-72.4164 -43.5114 -66.6714
-64.3421 -66.6714 0
0 -70.2359 -62.1615
-70.1231 -41.218 -64.3781
-62.0487 -64.3781 0
0 -72.6095 -64.5351
-68.6301 -39.7251 -62.8851
-60.5557 -62.8851 0
-49.3472 -78.2522 -70.1778
-67.5827 -49.3472 -61.8377
-69.5084 -71.8377 0
0 0 0
0 0 -62.9648
-60.6354 -62.9648 0
0 0 0
0 0 -64.4909
-62.1615 -64.4909 0
0 0 0
0 0 -66.8645
-64.5351 -66.8645 0
0 0 0
0 0 -72.5072
-70.1778 -72.5072 0
