0 -62.0487 -62.0487
-70.8455 0 -41.218
0 0 0
0 -60.5557 -60.5557
-60.5557 0 -39.7251
0 0 0
0 -59.5084 -59.5084
-69.5084 -48.6777 -48.6777
-69.5084 -48.6777 0
0 -60.6354 -60.6354
-64.3421 -43.5114 -43.5114
-64.3421 -43.5114 0
0 -62.1615 -62.1615
-62.0487 -41.218 -65.7528
-62.0487 -41.218 0
0 -64.5351 -64.5351
-60.5557 -39.7251 -39.7251
-60.5557 -39.7251 0
-49.3472 -70.1778 -70.1778
-59.5084 -49.3472 -38.6777
-69.5084 -48.6777 0
0 0 0
0 0 -39.8047
-60.6354 -39.8047 0
0 0 0
0 0 -41.3308
-62.1615 -41.3308 0
0 0 0
0 0 -43.7045
-64.5351 -43.7045 0
0 0 0
0 0 -49.3472
-70.1778 -49.3472 0
