0 -68.1496 -62.0487
-68.1496 0 -49.1634
0 0 0
0 -66.6566 -60.5557
-66.6566 0 -59.0377
0 0 0
0 -65.6093 -59.5084
-75.6093 -48.6777 -67.9904
-69.5084 -67.9904 0
0 -66.7363 -60.6354
-70.443 -43.5114 -62.8241
-64.3421 -62.8241 0
0 -68.2624 -62.1615
-68.1496 -41.218 -60.5307
-62.0487 -60.5307 0
0 -70.636 -64.5351
-66.6566 -39.7251 -47.6705
-60.5557 -59.0377 0
-49.3472 -76.2787 -70.1778
-65.6093 -49.3472 -57.9904
-69.5084 -67.9904 0
0 0 0
0 0 -59.1174
-60.6354 -59.1174 0
0 0 0
0 0 -60.6435
-62.1615 -60.6435 0
0 0 0
0 0 -63.0171
-64.5351 -63.0171 0
0 0 0
0 0 -68.6599
-70.1778 -68.6599 0
