0 -52.5853 -62.0487
-52.5853 0 -57.3025
0 0 0
0 -51.0923 -60.5557
-51.0923 0 -55.8095
0 0 0
0 -50.045 -59.5084
-60.045 -48.6777 -64.7621
-69.5084 -64.7621 0
0 -51.172 -60.6354
-54.8787 -43.5114 -59.5958
-64.3421 -59.5958 0
0 -52.6981 -62.1615
-52.5853 -41.218 -57.3025
-62.0487 -57.3025 0
0 -55.0717 -64.5351
-51.0923 -39.7251 -55.8095
-60.5557 -55.8095 0
-49.3472 -60.7145 -70.1778
-50.045 -49.3472 -65.4316
-69.5084 -64.7621 0
0 0 0
0 0 -55.8892
-60.6354 -55.8892 0
0 0 0
0 0 -57.4153
-62.1615 -57.4153 0
0 0 0
0 0 -59.7889
-64.5351 -59.7889 0
0 0 0
0 0 -65.4316
-70.1778 -65.4316 0
