0 -60.5307 -62.0487
-60.5307 0 -62.4661
0 0 0
0 -59.0377 -60.5557
-59.0377 0 -60.9732
0 0 0
0 -57.9904 -59.5084
-67.9904 -48.6777 -59.9258
-69.5084 -69.9258 0
0 -59.1174 -60.6354
-62.8241 -43.5114 -64.7595
-64.3421 -64.7595 0
0 -60.6435 -62.1615
-60.5307 -41.218 -62.4661
-62.0487 -62.4661 0
0 -63.0171 -64.5351
-59.0377 -39.7251 -60.9732
-60.5557 -60.9732 0
-49.3472 -68.6599 -70.1778
-57.9904 -49.3472 -59.9258
-64.3421 -69.9258 0
0 0 0
0 0 -61.0529
-60.6354 -61.0529 0
0 0 0
0 0 -62.579
-62.1615 -62.579 0
0 0 0
0 0 -64.9526
-64.5351 -64.9526 0
0 0 0
0 0 -70.5953
-70.1778 -70.5953 0
