0 -63.8023 -62.0487
-67.1986 0 -49.1634
0 0 0
0 -62.3093 -60.5557
-62.3093 0 -47.6705
0 0 0
0 -61.2619 -59.5084
-71.2619 -48.6777 -56.6231
-69.5084 -56.6231 0
0 -62.389 -60.6354
-66.0956 -43.5114 -51.4568
-64.3421 -51.4568 0
0 -67.3114 -62.1615
-63.8023 -41.218 -49.1634
-62.0487 -49.1634 0
0 -66.2887 -64.5351
-62.3093 -39.7251 -47.6705
-60.5557 -47.6705 0
-49.3472 -71.9314 -70.1778
-61.2619 -49.3472 -46.6231
-69.5084 -56.6231 0
0 0 0
0 0 -47.7501
-60.6354 -47.7501 0
0 0 0
0 0 -49.2762
-62.1615 -49.2762 0
0 0 0
0 0 -51.6499
-64.5351 -51.6499 0
0 0 0
0 0 -57.2926
-70.1778 -57.2926 0
