0 -69.7714 -62.0487
-69.7714 0 -64.556
0 0 0
0 -68.2784 -60.5557
-68.2784 0 -63.063
0 0 0
0 -67.231 -59.5084
-77.231 -48.6777 -62.0156
-69.5084 -72.0156 0
0 -68.3581 -60.6354
-72.0647 -43.5114 -66.8494
-64.3421 -66.8494 0
0 -69.8842 -62.1615
-63.1503 -41.218 -64.556
-62.0487 -64.556 0
0 -72.2578 -64.5351
-68.2784 -39.7251 -63.063
-60.5557 -63.063 0
-49.3472 -77.9005 -70.1778
-67.231 -49.3472 -62.0156
-69.5084 -72.0156 0
0 0 0
0 0 -63.1427
-60.6354 -63.1427 0
0 0 0
0 0 -64.6688
-62.1615 -64.6688 0
0 0 0
0 0 -67.0424
-64.5351 -67.0424 0
0 0 0
0 0 -72.6851
-70.1778 -72.6851 0
