0 -62.3309 -62.0487
-62.3309 0 -56.0072
0 0 0
0 -60.8379 -60.5557
-60.8379 0 -54.5142
0 0 0
0 -59.7905 -59.5084
-69.7905 -48.6777 -63.4669
-69.5084 -63.4669 0
0 -60.9176 -60.6354
-64.6242 -43.5114 -58.3006
-64.3421 -58.3006 0
0 -62.4437 -62.1615
-62.3309 -41.218 -56.0072
-62.0487 -56.0072 0
0 -65.6367 -64.5351
-61.6573 -39.7251 -54.5142
-60.5557 -54.5142 0
-49.3472 -70.46 -70.1778
-59.7905 -49.3472 -53.4669
-69.5084 -63.4669 0
0 0 0
0 0 -54.5939
-60.6354 -54.5939 0
0 0 0
0 0 -56.12
-62.1615 -56.12 0
0 0 0
0 0 -58.4936
-64.5351 -58.4936 0
0 0 0
0 0 -64.1364
-70.1778 -64.1364 0
