0 -63.9526 -62.0487
0 0 -54.9056
0 0 0
0 -62.4596 -60.5557
-62.4596 0 -53.4126
0 0 0
0 -61.4123 -59.5084
-71.4123 -48.6777 -62.3653
-69.5084 -62.3653 0
0 -62.5393 -60.6354
-66.246 -43.5114 -57.199
-64.3421 -57.199 0
0 -64.0654 -62.1615
-63.9526 -41.218 -54.9056
-62.0487 -54.9056 0
0 -66.439 -64.5351
-62.4596 -39.7251 -53.4126
-60.5557 -53.4126 0
-49.3472 -72.0818 -70.1778
-61.4123 -49.3472 -52.3653
-69.5084 -62.3653 0
0 0 0
0 0 -53.4923
-60.6354 -53.4923 0
0 0 0
0 0 -55.0184
-62.1615 -55.0184 0
0 0 0
0 0 -57.392
-64.5351 -57.392 0
0 0 0
0 0 -63.0348
-70.1778 -63.0348 0
