0 -55.4871 -62.0487
-55.4871 0 -57.3025
0 0 0
0 -53.9941 -60.5557
-53.9941 0 -55.8095
0 0 0
0 -52.9468 -59.5084
-62.9468 -48.6777 -64.7621
-69.5084 -64.7621 0
0 -54.0738 -60.6354
-57.7805 -43.5114 -59.5958
-64.3421 -59.5958 0
0 -55.5999 -62.1615
-55.4871 -41.218 -57.3025
-62.0487 -57.3025 0
0 -57.9735 -64.5351
-57.9735 -39.7251 -55.8095
-60.5557 -55.8095 0
-49.3472 -63.6162 -70.1778
-52.9468 -49.3472 -54.7621
-69.5084 -64.7621 0
0 0 0
0 0 -55.8892
-60.6354 -55.8892 0
0 0 0
0 0 -57.4153
-62.1615 -57.4153 0
0 0 0
0 0 -59.7889
-64.5351 -59.7889 0
0 0 0
0 0 -65.4316
-70.1778 -65.4316 0
