0 -70.8455 -62.0487
-70.8455 0 -65.7528
0 0 0
0 -69.3526 -60.5557
-53.9941 0 -64.2598
0 0 0
0 -68.3052 -59.5084
-78.3052 -48.6777 -73.2124
-69.5084 -73.2124 0
0 -69.4322 -60.6354
-73.1389 -43.5114 -68.0461
-64.3421 -68.0461 0
0 -55.5999 -62.1615
-70.8455 -41.218 -65.7528
-62.0487 -65.7528 0
0 -73.332 -64.5351
-69.3526 -39.7251 -64.2598
-60.5557 -64.2598 0
-49.3472 -78.9747 -70.1778
-68.3052 -49.3472 -63.2124
-69.5084 -73.2124 0
0 0 0
0 0 -64.3395
-60.6354 -64.3395 0
0 0 0
0 0 -65.8656
-62.1615 -65.8656 0
0 0 0
0 0 -68.2392
-64.5351 -68.2392 0
0 0 0
0 0 -73.8819
-70.1778 -73.8819 0
