0 -68.9287 -62.0487
-68.9287 0 -62.4661
0 0 0
0 -67.4357 -60.5557
-67.4357 0 -59.0377
0 0 0
0 -66.3883 -59.5084
-76.3883 -48.6777 -67.9904
-69.5084 -69.9258 0
0 -67.5154 -60.6354
-70.443 -43.5114 -61.0529
-64.3421 -64.7595 0
0 -69.0415 -62.1615
-68.1496 -41.218 -62.4661
-62.0487 -62.4661 0
0 -71.4151 -64.5351
-67.4357 -39.7251 -60.9732
-60.5557 -60.9732 0
-49.3472 -77.0578 -70.1778
-66.3883 -49.3472 -59.9258
-69.5084 -69.9258 0
0 0 0
0 0 -61.0529
-60.6354 -61.0529 0
0 0 0
0 0 -62.579
-62.1615 -62.579 0
0 0 0
0 0 -64.9526
-64.5351 -64.9526 0
0 0 0
0 0 -70.5953
-70.1778 -70.5953 0
