0 -67.1986 -62.0487
-67.1986 0 -59.551
0 0 0
0 -65.7057 -60.5557
-65.7057 0 -58.058
0 0 0
0 -64.6583 -59.5084
-74.6583 -48.6777 -67.0107
-69.5084 -67.0107 0
0 -65.7853 -60.6354
-69.492 -43.5114 -65.7259
-64.3421 -61.8444 0
0 -67.3114 -62.1615
-69.6014 -41.218 -63.4325
-62.0487 -59.551 0
0 -69.6851 -64.5351
-65.7057 -39.7251 -58.058
-60.5557 -58.058 0
-49.3472 -75.3278 -70.1778
-64.6583 -49.3472 -57.0107
-69.5084 -67.0107 0
0 0 0
0 0 -58.1377
-60.6354 -58.1377 0
0 0 0
0 0 -59.6638
-62.1615 -59.6638 0
0 0 0
0 0 -62.0374
-64.5351 -62.0374 0
0 0 0
0 0 -67.6802
-70.1778 -67.6802 0
