0 -69.3432 -62.0487
-69.3432 0 -62.9729
0 0 0
0 -67.8502 -60.5557
-67.8502 0 -61.4799
0 0 0
0 -66.8028 -59.5084
-76.8028 -48.6777 -70.4326
-69.5084 -70.4326 0
0 -67.9299 -60.6354
-71.6365 -43.5114 -65.2663
-64.3421 -65.2663 0
0 -69.456 -62.1615
-69.3432 -41.218 -62.9729
-62.0487 -62.9729 0
0 -71.8296 -64.5351
-67.8502 -39.7251 -61.4799
-60.5557 -61.4799 0
-49.3472 -77.4723 -70.1778
-66.8028 -49.3472 -60.4326
-69.5084 -70.4326 0
0 0 0
0 0 -61.5596
-60.6354 -61.5596 0
0 0 0
0 0 -63.0857
-62.1615 -63.0857 0
0 0 0
0 0 -65.4593
-64.5351 -65.4593 0
0 0 0
0 0 -71.1021
-70.1778 -71.1021 0
