0 -63.1503 -62.0487
-63.1503 0 -57.8415
0 0 0
0 -61.6573 -60.5557
-61.6573 0 -56.3486
0 0 0
0 -60.61 -59.5084
-70.61 -48.6777 -65.3012
-69.5084 -65.3012 0
0 -61.737 -60.6354
-65.4437 -43.5114 -60.1349
-64.3421 -60.1349 0
0 -63.2631 -62.1615
-63.1503 -41.218 -57.8415
-62.0487 -57.8415 0
0 -65.6367 -64.5351
-61.6573 -39.7251 -56.3486
-60.5557 -56.3486 0
-49.3472 -71.2794 -70.1778
-60.61 -49.3472 -55.3012
-69.5084 -65.3012 0
0 0 0
0 0 -56.4283
-60.6354 -56.4283 0
0 0 0
0 0 -57.9544
-62.1615 -57.9544 0
0 0 0
0 0 -60.328
-64.5351 -60.328 0
0 0 0
0 0 -65.9707
-70.1778 -65.9707 0
