0 -67.2999 -62.0487
0 0 -59.0442
0 0 0
0 -65.8069 -60.5557
-65.8069 0 -57.5513
0 0 0
0 -64.7596 -59.5084
-74.7596 -48.6777 -66.5039
-69.5084 -66.5039 0
0 -65.8866 -60.6354
-69.5933 -43.5114 -61.3376
-64.3421 -61.3376 0
0 -67.4127 0
-67.2999 -41.218 0
-62.0487 -59.0442 0
0 -69.7863 -64.5351
0 -39.7251 -57.5513
0 -57.5513 0
-49.3472 -75.429 -70.1778
-64.7596 -49.3472 -56.5039
-69.5084 -66.5039 0
0 0 0
0 0 -57.631
-60.6354 -57.631 0
0 0 0
0 0 -59.1571
-62.1615 -59.1571 0
0 0 0
0 0 -61.5307
-64.5351 -61.5307 0
0 0 0
0 0 -67.1734
-70.1778 -67.1734 0
