0 -60.8184 -62.0487
-70.2211 0 -41.218
0 0 0
0 -59.3254 -60.5557
-59.3254 0 -39.7251
0 0 0
0 -58.2781 -59.5084
-68.2781 -48.6777 -48.6777
-69.5084 -48.6777 0
0 -59.4051 -60.6354
-63.1118 -43.5114 -43.5114
-64.3421 -43.5114 0
0 -60.9312 -62.1615
-70.2211 -41.218 -41.218
-62.0487 -41.218 0
0 -63.3048 -64.5351
-59.3254 -39.7251 -39.7251
-60.5557 -39.7251 0
-49.3472 -68.9475 -70.1778
-58.2781 -49.3472 -38.6777
-69.5084 -48.6777 0
0 0 0
0 0 -39.8047
-60.6354 -39.8047 0
0 0 0
0 0 -41.3308
-62.1615 -41.3308 0
0 0 0
0 0 -43.7045
-64.5351 -43.7045 0
0 0 0
0 0 -49.3472
-70.1778 -49.3472 0
