0 -57.3025 -62.0487
-57.3025 0 -61.2634
0 0 0
0 -55.8095 -60.5557
-55.8095 0 -59.7705
0 0 0
0 -54.7621 -59.5084
-64.7621 -48.6777 -68.7231
-69.5084 -68.7231 0
0 -55.8892 -60.6354
-59.5958 -43.5114 -63.5568
-64.3421 -63.5568 0
0 -57.4153 -62.1615
-57.3025 -41.218 -61.2634
-62.0487 -61.2634 0
0 -59.7889 -64.5351
-55.8095 -39.7251 -59.7705
-60.5557 -59.7705 0
-49.3472 -65.4316 -70.1778
-54.7621 -49.3472 -58.7231
-64.3421 -68.7231 0
0 0 0
0 0 -59.8501
-60.6354 -59.8501 0
0 0 0
0 0 -61.3763
-62.1615 -61.3763 0
0 0 0
0 0 -63.7499
-64.5351 -63.7499 0
0 0 0
0 0 -69.3926
-70.1778 -69.3926 0
