0 -64.3781 -62.0487
-68.1072 0 -64.0017
0 0 0
0 -62.8851 -60.5557
-62.8851 0 -61.8843
0 0 0
0 -61.8377 -59.5084
-71.8377 -48.6777 -70.837
-69.5084 -70.837 0
0 -62.9648 -60.6354
-66.6714 -43.5114 -65.6707
-64.3421 -65.6707 0
0 -64.4909 -62.1615
-64.3781 -41.218 -63.3773
-62.0487 -63.3773 0
0 -66.8645 -64.5351
-62.8851 -39.7251 -61.8843
-60.5557 -61.8843 0
-49.3472 -72.5072 -70.1778
-61.8377 -49.3472 -60.837
-64.3421 -70.837 0
0 0 0
0 0 -61.964
-60.6354 -61.964 0
0 0 0
0 0 -63.4901
-62.1615 -63.4901 0
0 0 0
0 0 -65.8637
-64.5351 -65.8637 0
0 0 0
0 0 -71.5065
-70.1778 -71.5065 0
