0 -68.1072 -62.0487
-68.1072 0 -60.7244
0 0 0
0 -66.6143 -60.5557
-66.6143 0 -59.2314
0 0 0
0 -65.5669 -59.5084
-75.5669 -48.6777 -68.184
-69.5084 -68.184 0
0 -66.6939 -60.6354
-70.4006 -43.5114 -63.0177
-64.3421 -63.0177 0
0 -65.2841 -62.1615
-68.1072 -41.218 -60.7244
-62.0487 -60.7244 0
0 -70.5937 -64.5351
-66.6143 -39.7251 -59.2314
-60.5557 -59.2314 0
-49.3472 -76.2364 -70.1778
-65.5669 -49.3472 -58.184
-64.3421 -63.0177 0
0 0 0
0 0 -59.3111
-60.6354 -59.3111 0
0 0 0
0 0 -60.8372
-62.1615 -60.8372 0
0 0 0
0 0 -63.2108
-64.5351 -63.2108 0
0 0 0
0 0 -68.8535
-70.1778 -68.8535 0
