-66.7155 -64.4014 -64.574
-64.493 -62.1815 -62.1636
-63.9977 -61.6299 -61.5991
-64.0537 -61.9667 -62.1081
-65.5901 -63.6871 -63.8614
-62.8234 -61.7756 -62.5513
-64.4895 -64.2868 -65.3376
-69.2758 -68.5506 -70.1528
-68.9475 -70.9802 -73.1834
-100 -100 -100
-100 -100 -100
-66.7155 -64.4014 -64.574
-64.493 -62.1815 -62.1636
-63.9977 -61.6299 -61.5991
-64.0537 -61.9667 -62.1081
-65.5901 -63.6871 -63.8614
-62.8234 -61.7756 -62.5513
-64.4895 -64.2868 -65.3376
-69.2758 -68.5506 -70.1528
-68.9475 -70.9802 -73.1834
-100 -100 -100
-100 -100 -100
