-38.6777 -62.0608 -59.5084
-61.6321 -38.6777 -56.2769
-59.5084 -53.9458 0
-38.6777 -61.6673 -59.5084
-61.2831 -38.6777 -56.0946
-59.5084 -56.4188 0
-38.6777 -60.8449 -59.5084
-59.2983 -38.6777 -55.1142
-59.5084 -55.9417 0
-38.6777 -60.5534 -59.5084
-60.4285 -38.6777 -55.2074
-59.5084 -56.449 0
-38.6777 -59.2277 -59.5084
-58.7485 -38.6777 -54.1761
-59.5084 -56.2881 0
-38.6777 -60.9972 -59.5084
-60.688 -38.6777 -55.8611
-59.5084 -56.1555 0
-38.6777 -61.0317 -59.5084
-59.6811 -38.6777 -55.2959
-59.5084 -55.5609 0
-38.6777 -62.3017 -59.5084
-61.5914 -38.6777 -56.1745
-59.5084 -57.7376 0
-38.6777 -62.3156 -59.5084
-61.841 -38.6777 -56.5162
-59.5084 -56.8053 0
-38.6777 -62.1576 -59.5084
-62.0016 -38.6777 -55.9582
-59.5084 -57.3776 0
-38.6777 -62.2392 -59.5084
-61.4369 -38.6777 -56.1473
-59.5084 -51.0548 0
