-38.6777 -61.9138 -59.5084
-61.4624 -38.6777 -56.5046
-59.5084 -53.7609 0
-38.6777 -61.1798 -59.5084
-60.8815 -38.6777 -56.0936
-59.5084 -56.3782 0
-38.6777 -60.5647 -59.5084
-59.4506 -38.6777 -55.7615
-59.5084 -56.135 0
-38.6777 -60.8721 -59.5084
-60.0673 -38.6777 -56.177
-59.5084 -56.7543 0
-38.6777 -59.0434 -59.5084
-58.5266 -38.6777 -55.236
-59.5084 -56.3558 0
-38.6777 -60.6114 -59.5084
-60.4166 -38.6777 -55.7093
-59.5084 -56.1416 0
-38.6777 -61.0138 -59.5084
-59.7467 -38.6777 -55.893
-59.5084 -56.597 0
-38.6777 -61.8606 -59.5084
-61.2859 -38.6777 -56.359
-59.5084 -56.7366 0
-38.6777 -62.0207 -59.5084
-61.4905 -38.6777 -56.6444
-59.5084 -56.9356 0
-38.6777 -62.1067 -59.5084
-62.0319 -38.6777 -56.5345
-59.5084 -57.4019 0
-38.6777 -61.8233 -59.5084
-61.3006 -38.6777 -56.5044
-59.5084 -50.3552 0
