-38.6777 -61.1935 -59.5084
-60.6678 -38.6777 -55.9161
-59.5084 -54.0776 0
-38.6777 -60.8968 -59.5084
-60.6621 -38.6777 -55.9456
-59.5084 -57.6692 0
-38.6777 -60.0479 -59.5084
-58.3204 -38.6777 -55.4079
-59.5084 -55.821 0
-38.6777 -59.6667 -59.5084
-59.4299 -38.6777 -55.0619
-59.5084 -56.176 0
-38.6777 -58.5157 -59.5084
-58.069 -38.6777 -54.5104
-59.5084 -56.1221 0
-38.6777 -59.899 -59.5084
-59.6192 -38.6777 -55.8709
-59.5084 -56.1833 0
-38.6777 -60.0609 -59.5084
-58.6653 -38.6777 -55.2133
-59.5084 -55.6296 0
-38.6777 -61.3687 -59.5084
-60.6197 -38.6777 -56.3624
-59.5084 -57.6945 0
-38.6777 -61.4591 -59.5084
-60.994 -38.6777 -56.3373
-59.5084 -56.6608 0
-38.6777 -61.4421 -59.5084
-61.2683 -38.6777 -56.0803
-59.5084 -57.3039 0
-38.6777 -61.4299 -59.5084
-60.1693 -38.6777 -55.8466
-59.5084 -54.8797 0
