-38.6777 -61.874 -59.5084
-61.3927 -38.6777 -56.513
-59.5084 -53.7216 0
-38.6777 -61.0918 -59.5084
-60.7705 -38.6777 -56.076
-59.5084 -56.3789 0
-38.6777 -60.5647 -59.5084
-59.4506 -38.6777 -55.7615
-59.5084 -56.135 0
-38.6777 -60.6269 -59.5084
-59.6785 -38.6777 -56.1481
-59.5084 -56.78 0
-38.6777 -58.7275 -59.5084
-58.1614 -38.6777 -55.1304
-59.5084 -56.3543 0
-38.6777 -60.4407 -59.5084
-60.205 -38.6777 -55.6474
-59.5084 -56.1335 0
-38.6777 -60.9172 -59.5084
-59.5515 -38.6777 -55.8567
-59.5084 -56.6055 0
-38.6777 -61.8091 -59.5084
-61.1904 -38.6777 -56.3582
-59.5084 -56.7612 0
-38.6777 -61.9885 -59.5084
-61.4271 -38.6777 -56.6613
-59.5084 -56.9734 0
-38.6777 -62.0844 -59.5084
-62.0063 -38.6777 -56.5419
-59.5084 -57.7148 0
-38.6777 -61.7788 -59.5084
-61.2253 -38.6777 -56.5123
-59.5084 -50.2259 0
