-38.6777 -61.9578 -59.5084
-61.4788 -38.6777 -57.0628
-59.5084 -54.069 0
-38.6777 -61.535 -59.5084
-61.1281 -38.6777 -56.7889
-59.5084 -57.1863 0
-38.6777 -60.657 -59.5084
-59.0239 -38.6777 -56.048
-59.5084 -56.74 0
-38.6777 -60.6265 -59.5084
-60.4978 -38.6777 -56.6559
-59.5084 -57.3843 0
-38.6777 -58.9113 -59.5084
-58.434 -38.6777 -55.5193
-59.5084 -57.0063 0
-38.6777 -61.0435 -59.5084
-60.7289 -38.6777 -56.5049
-59.5084 -57.0518 0
-38.6777 -60.8782 -59.5084
-59.573 -38.6777 -56.3128
-59.5084 -55.865 0
-38.6777 -62.2173 -59.5084
-61.4423 -38.6777 -56.8977
-59.5084 -57.9448 0
-38.6777 -62.2665 -59.5084
-61.7351 -38.6777 -57.2027
-59.5084 -57.5126 0
-38.6777 -62.1732 -59.5084
-61.9883 -38.6777 -57.0886
-59.5084 -57.5096 0
-38.6777 -62.1831 -59.5084
-61.3255 -38.6777 -56.8891
-59.5084 -51.1125 0
