-38.6777 -62.7527 -59.5084
-62.2417 -38.6777 -56.7414
-59.5084 -53.6762 0
-38.6777 -61.7925 -59.5084
-61.5589 -38.6777 -56.2168
-59.5084 -56.571 0
-38.6777 -61.4238 -59.5084
-60.4629 -38.6777 -55.6261
-59.5084 -56.0695 0
-38.6777 -61.6701 -59.5084
-60.6784 -38.6777 -56.4084
-59.5084 -57.0265 0
-38.6777 -59.595 -59.5084
-58.9388 -38.6777 -55.0429
-59.5084 -56.5773 0
-38.6777 -61.4796 -59.5084
-61.2309 -38.6777 -55.7116
-59.5084 -56.2928 0
-38.6777 -62.3926 -59.5084
-61.2313 -38.6777 -55.8085
-59.5084 -56.8538 0
-38.6777 -62.5587 -59.5084
-62.0948 -38.6777 -56.5676
-59.5084 -57.0048 0
-38.6777 -62.9238 -59.5084
-62.4788 -38.6777 -56.9282
-59.5084 -57.2497 0
-38.6777 -62.9042 -59.5084
-62.9012 -38.6777 -56.6939
-59.5084 -57.7741 0
-38.6777 -62.6554 -59.5084
-62.1647 -38.6777 -56.7055
-59.5084 -50.0799 0
