-38.6777 -62.1236 -59.5084
-61.6995 -38.6777 -56.6042
-59.5084 -53.8257 0
-38.6777 -61.71 -59.5084
-61.4023 -38.6777 -56.431
-59.5084 -56.7719 0
-38.6777 -61.0695 -59.5084
-59.9668 -38.6777 -56.0968
-59.5084 -56.5887 0
-38.6777 -61.129 -59.5084
-60.3143 -38.6777 -56.2862
-59.5084 -56.8384 0
-38.6777 -59.4513 -59.5084
-58.9713 -38.6777 -55.5124
-59.5084 -56.7698 0
-38.6777 -61.2268 -59.5084
-60.827 -38.6777 -55.976
-59.5084 -56.5878 0
-38.6777 -61.2957 -59.5084
-59.9452 -38.6777 -56.0336
-59.5084 -56.7648 0
-38.6777 -62.444 -59.5084
-61.6553 -38.6777 -56.514
-59.5084 -57.8793 0
-38.6777 -62.5054 -59.5084
-62.0989 -38.6777 -56.9883
-59.5084 -57.2564 0
-38.6777 -62.4869 -59.5084
-62.3968 -38.6777 -56.8027
-59.5084 -57.4436 0
-38.6777 -62.2871 -59.5084
-61.846 -38.6777 -56.8206
-59.5084 -50.845 0
