-38.6777 -62.9462 -59.5084
-62.4102 -38.6777 -56.8832
-59.5084 -53.6505 0
-38.6777 -61.8975 -59.5084
-61.6624 -38.6777 -56.3129
-59.5084 -56.6814 0
-38.6777 -61.4818 -59.5084
-60.4521 -38.6777 -55.6504
-59.5084 -56.1427 0
-38.6777 -61.7744 -59.5084
-60.6869 -38.6777 -56.5431
-59.5084 -57.1702 0
-38.6777 -59.595 -59.5084
-58.9388 -38.6777 -55.0429
-59.5084 -56.5773 0
-38.6777 -61.5535 -59.5084
-61.2869 -38.6777 -55.7473
-59.5084 -56.383 0
-38.6777 -62.3926 -59.5084
-61.2313 -38.6777 -55.8085
-59.5084 -56.8538 0
-38.6777 -62.7019 -59.5084
-62.2354 -38.6777 -56.6877
-59.5084 -57.1467 0
-38.6777 -63.0742 -59.5084
-62.6233 -38.6777 -57.0545
-59.5084 -57.412 0
-38.6777 -63.0492 -59.5084
-63.0499 -38.6777 -56.7886
-59.5084 -57.8034 0
-38.6777 -62.7759 -59.5084
-62.2761 -38.6777 -56.7967
-59.5084 -49.9612 0
