-38.6777 -61.1935 -59.5084
-60.6678 -38.6777 -55.9161
-59.5084 -54.0776 0
-38.6777 -60.8968 -59.5084
-60.6621 -38.6777 -55.9456
-59.5084 -57.6692 0
-38.6777 -60.0479 -59.5084
-58.3204 -38.6777 -55.4079
-59.5084 -55.821 0
-38.6777 -59.8947 -59.5084
-59.5329 -38.6777 -55.1581
-59.5084 -56.3391 0
-38.6777 -58.5783 -59.5084
-58.1131 -38.6777 -54.5487
-59.5084 -56.4243 0
-38.6777 -60.1183 -59.5084
-59.7303 -38.6777 -55.9757
-59.5084 -56.4706 0
-38.6777 -60.3193 -59.5084
-58.8038 -38.6777 -55.3386
-59.5084 -55.8101 0
-38.6777 -61.6347 -59.5084
-60.8327 -38.6777 -56.5631
-59.5084 -57.7737 0
-38.6777 -61.6617 -59.5084
-61.2394 -38.6777 -56.5764
-59.5084 -56.9147 0
-38.6777 -61.6704 -59.5084
-61.2701 -38.6777 -56.0821
-59.5084 -57.3039 0
-38.6777 -61.6286 -59.5084
-60.3907 -38.6777 -56.0522
-59.5084 -54.9644 0
