-38.6777 -65.1719 -59.5084
-64.7353 -38.6777 -56.9111
-59.5084 -56.925 0
-38.6777 -63.8915 -59.5084
-64.4749 -38.6777 -55.9771
-59.5084 -56.085 0
-38.6777 -63.269 -59.5084
-62.854 -38.6777 -54.6525
-59.5084 -55.0248 0
-38.6777 -63.8854 -59.5084
-63.1322 -38.6777 -55.5917
-59.5084 -57.1123 0
-38.6777 -61.7696 -59.5084
-61.4587 -38.6777 -52.6636
-59.5084 -56.2082 0
-38.6777 -64.0028 -59.5084
-63.768 -38.6777 -55.6554
-59.5084 -56.0711 0
-38.6777 -64.2135 -59.5084
-63.3145 -38.6777 -55.9476
-59.5084 -56.8822 0
-38.6777 -64.2332 -59.5084
-63.9837 -38.6777 -56.0965
-59.5084 -56.4769 0
-38.6777 -64.876 -59.5084
-64.8767 -38.6777 -57.0416
-59.5084 -57.6523 0
-38.6777 -64.7213 -59.5084
-64.7819 -38.6777 -57.3639
-59.5084 -57.8998 0
-38.6777 -64.4099 -59.5084
-64.0667 -38.6777 -56.6095
-59.5084 -48.8138 0
