-38.6777 -61.7601 -59.5084
-61.4243 -38.6777 -56.5561
-59.5084 -54.1032 0
-38.6777 -61.4004 -59.5084
-60.8921 -38.6777 -56.3877
-59.5084 -57.8566 0
-38.6777 -60.606 -59.5084
-58.8015 -38.6777 -55.2854
-59.5084 -56.0647 0
-38.6777 -60.3375 -59.5084
-60.2189 -38.6777 -55.5564
-59.5084 -56.76 0
-38.6777 -58.8176 -59.5084
-58.2639 -38.6777 -54.7858
-59.5084 -56.603 0
-38.6777 -60.7126 -59.5084
-60.3384 -38.6777 -56.1931
-59.5084 -56.4857 0
-38.6777 -60.5373 -59.5084
-58.9914 -38.6777 -55.6547
-59.5084 -55.759 0
-38.6777 -62.1244 -59.5084
-61.3938 -38.6777 -56.5042
-59.5084 -57.789 0
-38.6777 -62.0305 -59.5084
-61.5999 -38.6777 -56.7706
-59.5084 -57.0554 0
-38.6777 -62.0165 -59.5084
-61.8827 -38.6777 -56.2637
-59.5084 -57.4148 0
-38.6777 -62.0085 -59.5084
-60.9584 -38.6777 -56.2443
-59.5084 -51.1211 0
