-38.6777 -62.1062 -59.5084
-61.7084 -38.6777 -56.8664
-59.5084 -53.927 0
-38.6777 -61.7177 -59.5084
-61.4307 -38.6777 -56.6994
-59.5084 -56.9916 0
-38.6777 -61.0893 -59.5084
-60.023 -38.6777 -56.208
-59.5084 -56.8719 0
-38.6777 -61.1738 -59.5084
-60.4388 -38.6777 -56.5996
-59.5084 -57.0605 0
-38.6777 -59.4513 -59.5084
-58.9713 -38.6777 -55.5124
-59.5084 -56.7698 0
-38.6777 -61.2607 -59.5084
-60.8901 -38.6777 -56.2628
-59.5084 -56.8306 0
-38.6777 -61.3355 -59.5084
-60.0799 -38.6777 -56.3126
-59.5084 -57.0275 0
-38.6777 -62.4152 -59.5084
-61.6647 -38.6777 -56.7232
-59.5084 -57.9177 0
-38.6777 -62.4751 -59.5084
-62.0881 -38.6777 -57.1379
-59.5084 -57.3532 0
-38.6777 -62.4574 -59.5084
-62.3673 -38.6777 -56.9977
-59.5084 -57.4726 0
-38.6777 -62.2678 -59.5084
-61.8456 -38.6777 -57.0027
-59.5084 -51.0409 0
