-38.6777 -61.4939 -59.5084
-61.0185 -38.6777 -55.9649
-59.5084 -54.0689 0
-38.6777 -61.1326 -59.5084
-60.9398 -38.6777 -55.9867
-59.5084 -57.7003 0
-38.6777 -60.4631 -59.5084
-58.7651 -38.6777 -55.4526
-59.5084 -55.8651 0
-38.6777 -60.0871 -59.5084
-59.8781 -38.6777 -55.0804
-59.5084 -56.2337 0
-38.6777 -58.947 -59.5084
-58.4836 -38.6777 -54.4911
-59.5084 -56.1739 0
-38.6777 -60.3383 -59.5084
-60.0704 -38.6777 -55.9456
-59.5084 -56.2349 0
-38.6777 -60.3827 -59.5084
-58.9915 -38.6777 -55.2399
-59.5084 -55.6476 0
-38.6777 -61.6577 -59.5084
-60.9458 -38.6777 -56.4264
-59.5084 -57.7286 0
-38.6777 -61.7334 -59.5084
-61.3088 -38.6777 -56.392
-59.5084 -56.7251 0
-38.6777 -61.7603 -59.5084
-61.6169 -38.6777 -56.1307
-59.5084 -57.3239 0
-38.6777 -61.7094 -59.5084
-60.4886 -38.6777 -55.8894
-59.5084 -54.8807 0
