-38.6777 -61.5516 -59.5084
-61.1977 -38.6777 -56.3641
-59.5084 -54.0041 0
-38.6777 -61.1792 -59.5084
-60.7007 -38.6777 -56.235
-59.5084 -57.8159 0
-38.6777 -60.4698 -59.5084
-58.7949 -38.6777 -55.2816
-59.5084 -56.0647 0
-38.6777 -60.1505 -59.5084
-59.9839 -38.6777 -55.3634
-59.5084 -56.5361 0
-38.6777 -58.5761 -59.5084
-58.0712 -38.6777 -54.6036
-59.5084 -56.3796 0
-38.6777 -60.4025 -59.5084
-60.0943 -38.6777 -56.0114
-59.5084 -56.2543 0
-38.6777 -60.3111 -59.5084
-58.9158 -38.6777 -55.6022
-59.5084 -55.6248 0
-38.6777 -61.9134 -59.5084
-61.1082 -38.6777 -56.2737
-59.5084 -57.7442 0
-38.6777 -61.8451 -59.5084
-61.3827 -38.6777 -56.5942
-59.5084 -56.868 0
-38.6777 -61.793 -59.5084
-61.6258 -38.6777 -56.0346
-59.5084 -57.3813 0
-38.6777 -61.7573 -59.5084
-60.9564 -38.6777 -56.2428
-59.5084 -51.1211 0
