-38.6777 -61.2626 -59.5084
-60.7687 -38.6777 -55.8915
-59.5084 -54.0926 0
-38.6777 -60.9645 -59.5084
-60.7442 -38.6777 -55.9252
-59.5084 -57.6444 0
-38.6777 -60.1789 -59.5084
-58.4703 -38.6777 -55.4031
-59.5084 -55.801 0
-38.6777 -59.9999 -59.5084
-59.6449 -38.6777 -55.1635
-59.5084 -56.3007 0
-38.6777 -58.5783 -59.5084
-58.1131 -38.6777 -54.5487
-59.5084 -56.4243 0
-38.6777 -60.2917 -59.5084
-59.9462 -38.6777 -55.9334
-59.5084 -56.4322 0
-38.6777 -60.3834 -59.5084
-58.8948 -38.6777 -55.3375
-59.5084 -55.8002 0
-38.6777 -61.6347 -59.5084
-60.8327 -38.6777 -56.5631
-59.5084 -57.7737 0
-38.6777 -61.711 -59.5084
-61.3023 -38.6777 -56.5337
-59.5084 -56.865 0
-38.6777 -61.6704 -59.5084
-61.2701 -38.6777 -56.0821
-59.5084 -57.3039 0
-38.6777 -61.6806 -59.5084
-60.4786 -38.6777 -56.0272
-59.5084 -54.9658 0
