-38.6777 -61.4424 -59.5084
-60.942 -38.6777 -56.0179
-59.5084 -54.1619 0
-38.6777 -61.0885 -59.5084
-60.9034 -38.6777 -56.0409
-59.5084 -57.6666 0
-38.6777 -60.336 -59.5084
-58.583 -38.6777 -55.5117
-59.5084 -55.8762 0
-38.6777 -60.1793 -59.5084
-59.8252 -38.6777 -55.3165
-59.5084 -56.4253 0
-38.6777 -58.6191 -59.5084
-58.1449 -38.6777 -54.5782
-59.5084 -56.5393 0
-38.6777 -60.4697 -59.5084
-60.158 -38.6777 -56.0693
-59.5084 -56.5388 0
-38.6777 -60.4322 -59.5084
-58.9668 -38.6777 -55.3901
-59.5084 -55.8769 0
-38.6777 -61.7656 -59.5084
-60.9642 -38.6777 -56.6409
-59.5084 -57.7963 0
-38.6777 -61.812 -59.5084
-61.4198 -38.6777 -56.6121
-59.5084 -56.9523 0
-38.6777 -61.8046 -59.5084
-61.3868 -38.6777 -56.1703
-59.5084 -57.3231 0
-38.6777 -61.7918 -59.5084
-60.6123 -38.6777 -56.1294
-59.5084 -54.9865 0
