-38.6777 -65.7854 -59.5084
-65.488 -38.6777 -59.2529
-59.5084 -58.9854 0
-38.6777 -64.3228 -59.5084
-65.241 -38.6777 -58.3834
-59.5084 -58.1876 0
-38.6777 -63.7558 -59.5084
-63.3278 -38.6777 -56.8161
-59.5084 -57.1252 0
-38.6777 -64.3536 -59.5084
-63.5175 -38.6777 -57.6589
-59.5084 -59.2101 0
-38.6777 -61.976 -59.5084
-61.5462 -38.6777 -55.2308
-59.5084 -57.8751 0
-38.6777 -64.464 -59.5084
-64.225 -38.6777 -57.4068
-59.5084 -57.6458 0
-38.6777 -64.3914 -59.5084
-63.4556 -38.6777 -56.734
-59.5084 -58.7475 0
-38.6777 -64.6945 -59.5084
-64.4049 -38.6777 -57.8255
-59.5084 -58.1192 0
-38.6777 -65.5051 -59.5084
-65.4263 -38.6777 -59.0982
-59.5084 -59.4904 0
-38.6777 -65.0317 -59.5084
-65.0522 -38.6777 -58.3525
-59.5084 -58.0434 0
-38.6777 -64.8995 -59.5084
-64.5535 -38.6777 -58.265
-59.5084 -58.5153 0
