-38.6777 -61.2716 -59.5084
-61.0543 -38.6777 -56.7406
-59.5084 -54.2384 0
-38.6777 -60.9487 -59.5084
-60.7997 -38.6777 -56.4848
-59.5084 -57.8795 0
-38.6777 -60.2046 -59.5084
-58.4466 -38.6777 -55.6889
-59.5084 -56.3751 0
-38.6777 -60.0589 -59.5084
-59.8312 -38.6777 -55.756
-59.5084 -56.8453 0
-38.6777 -58.7545 -59.5084
-58.2438 -38.6777 -55.1439
-59.5084 -56.6744 0
-38.6777 -60.2066 -59.5084
-59.9045 -38.6777 -56.4738
-59.5084 -56.7174 0
-38.6777 -60.0057 -59.5084
-58.7169 -38.6777 -55.935
-59.5084 -55.8712 0
-38.6777 -61.6879 -59.5084
-60.9498 -38.6777 -56.7283
-59.5084 -57.8251 0
-38.6777 -61.6149 -59.5084
-61.1458 -38.6777 -56.9514
-59.5084 -57.2267 0
-38.6777 -61.6281 -59.5084
-61.5036 -38.6777 -56.4444
-59.5084 -57.4456 0
-38.6777 -61.5613 -59.5084
-60.4813 -38.6777 -56.5091
-59.5084 -55.0127 0
