-38.6777 -61.5579 -59.5084
-61.0563 -38.6777 -56.7422
-59.5084 -54.2384 0
-38.6777 -61.165 -59.5084
-60.9672 -38.6777 -56.6183
-59.5084 -57.9227 0
-38.6777 -60.4586 -59.5084
-58.6825 -38.6777 -55.9036
-59.5084 -56.6234 0
-38.6777 -60.0589 -59.5084
-59.8312 -38.6777 -55.756
-59.5084 -56.8453 0
-38.6777 -58.8111 -59.5084
-58.3096 -38.6777 -55.1961
-59.5084 -56.8874 0
-38.6777 -60.3237 -59.5084
-60.0364 -38.6777 -56.5651
-59.5084 -56.9182 0
-38.6777 -60.368 -59.5084
-58.8484 -38.6777 -56.0278
-59.5084 -56.0009 0
-38.6777 -61.6879 -59.5084
-60.9498 -38.6777 -56.7283
-59.5084 -57.8251 0
-38.6777 -61.8145 -59.5084
-61.3553 -38.6777 -57.1065
-59.5084 -57.3944 0
-38.6777 -61.8194 -59.5084
-61.6632 -38.6777 -56.5831
-59.5084 -57.4807 0
-38.6777 -61.7795 -59.5084
-60.4833 -38.6777 -56.5105
-59.5084 -55.0127 0
