-38.6777 -59.5259 -59.5084
-57.5195 -38.6777 -46.6724
-59.5084 -46.6231 0
-38.6777 -60.6998 -59.5084
-62.9713 -38.6777 -55.6089
-59.5084 -55.633 0
-38.6777 -59.9867 -59.5084
-59.5779 -38.6777 -50.7915
-59.5084 -52.6297 0
-38.6777 -58.9145 -59.5084
-58.9569 -38.6777 -49.7199
-59.5084 -50.6926 0
-38.6777 -59.6921 -59.5084
-59.5317 -38.6777 -49.8342
-59.5084 -52.6297 0
-38.6777 -59.9264 -59.5084
-59.6476 -38.6777 -50.0761
-59.5084 -51.5635 0
-38.6777 -61.2414 -59.5084
-60.9127 -38.6777 -52.7637
-59.5084 -52.6297 0
-38.6777 -60.8757 -59.5084
-60.6481 -38.6777 -52.0589
-59.5084 -52.6297 0
-38.6777 -59.7686 -59.5084
-57.5057 -38.6777 -46.6852
-59.5084 -46.6231 0
-38.6777 -61.4647 -59.5084
-61.5619 -38.6777 -53.0975
-59.5084 -52.6297 0
-38.6777 -61.1055 -59.5084
-60.8252 -38.6777 -52.278
-59.5084 -52.6297 0
