-38.6777 -64.4809 -59.5084
-64.0649 -38.6777 -57.1728
-59.5084 -53.588 0
-38.6777 -63.6506 -59.5084
-64.0202 -38.6777 -56.6217
-59.5084 -56.9164 0
-38.6777 -63.2244 -59.5084
-62.9088 -38.6777 -55.754
-59.5084 -56.2785 0
-38.6777 -63.608 -59.5084
-63.1566 -38.6777 -56.8979
-59.5084 -57.4912 0
-38.6777 -62.0838 -59.5084
-61.8083 -38.6777 -54.9609
-59.5084 -56.7849 0
-38.6777 -63.8878 -59.5084
-63.6713 -38.6777 -55.9344
-59.5084 -56.5451 0
-38.6777 -64.0016 -59.5084
-63.3093 -38.6777 -55.9342
-59.5084 -57.125 0
-38.6777 -63.9551 -59.5084
-63.8856 -38.6777 -56.9649
-59.5084 -57.463 0
-38.6777 -64.3625 -59.5084
-64.1743 -38.6777 -57.386
-59.5084 -57.7814 0
-38.6777 -64.5235 -59.5084
-64.5799 -38.6777 -57.0213
-59.5084 -57.8576 0
-38.6777 -64.1116 -59.5084
-63.7955 -38.6777 -57.0449
-59.5084 -49.6943 0
