-38.6777 -61.5875 -59.5084
-61.299 -38.6777 -56.6691
-59.5084 -54.1796 0
-38.6777 -61.2615 -59.5084
-60.8031 -38.6777 -56.4842
-59.5084 -57.8795 0
-38.6777 -60.4923 -59.5084
-58.7405 -38.6777 -55.5052
-59.5084 -56.2577 0
-38.6777 -60.3375 -59.5084
-60.2189 -38.6777 -55.5564
-59.5084 -56.76 0
-38.6777 -58.7545 -59.5084
-58.2438 -38.6777 -55.1439
-59.5084 -56.6744 0
-38.6777 -60.5682 -59.5084
-60.2173 -38.6777 -56.3587
-59.5084 -56.6321 0
-38.6777 -60.3756 -59.5084
-58.9318 -38.6777 -55.8254
-59.5084 -55.8064 0
-38.6777 -61.9752 -59.5084
-61.2303 -38.6777 -56.6498
-59.5084 -57.8145 0
-38.6777 -61.9066 -59.5084
-61.4681 -38.6777 -56.8733
-59.5084 -57.168 0
-38.6777 -61.8948 -59.5084
-61.752 -38.6777 -56.3731
-59.5084 -57.4352 0
-38.6777 -61.8671 -59.5084
-60.8153 -38.6777 -56.3938
-59.5084 -51.2011 0
