-38.6777 -63.4114 -59.5084
-63.7611 -38.6777 -55.2148
-59.5084 -55.4089 0
-38.6777 -63.1548 -59.5084
-64.3733 -38.6777 -56.6983
-59.5084 -56.9569 0
-38.6777 -61.8671 -59.5084
-61.3189 -38.6777 -52.9671
-59.5084 -55.0623 0
-38.6777 -61.5768 -59.5084
-61.0689 -38.6777 -52.9409
-59.5084 -54.8219 0
-38.6777 -60.7325 -59.5084
-60.5904 -38.6777 -51.3965
-59.5084 -55.0807 0
-38.6777 -63.0543 -59.5084
-63.0589 -38.6777 -54.2087
-59.5084 -55.3705 0
-38.6777 -63.2298 -59.5084
-62.2696 -38.6777 -54.3487
-59.5084 -55.0623 0
-38.6777 -63.1789 -59.5084
-63.0292 -38.6777 -54.5904
-59.5084 -55.0964 0
-38.6777 -63.4424 -59.5084
-63.8557 -38.6777 -55.1027
-59.5084 -55.3999 0
-38.6777 -63.7323 -59.5084
-63.7059 -38.6777 -55.6056
-59.5084 -55.1603 0
-38.6777 -63.4698 -59.5084
-63.1988 -38.6777 -55.1149
-59.5084 -55.4582 0
