-38.6777 -61.5539 -59.5084
-61.1362 -38.6777 -55.9612
-59.5084 -56.2508 0
-38.6777 -61.1554 -59.5084
-61.0124 -38.6777 -55.7442
-59.5084 -57.57 0
-38.6777 -60.267 -59.5084
-58.5382 -38.6777 -55.6577
-59.5084 -56.1942 0
-38.6777 -60.2943 -59.5084
-59.7433 -38.6777 -54.6576
-59.5084 -56.1097 0
-38.6777 -58.6807 -59.5084
-58.1428 -38.6777 -53.9254
-59.5084 -56.3829 0
-38.6777 -60.5441 -59.5084
-60.1753 -38.6777 -55.5726
-59.5084 -56.2115 0
-38.6777 -60.4289 -59.5084
-58.9005 -38.6777 -54.9529
-59.5084 -55.7289 0
-38.6777 -61.9804 -59.5084
-61.2566 -38.6777 -56.3403
-59.5084 -58.861 0
-38.6777 -61.8878 -59.5084
-61.3427 -38.6777 -56.1732
-59.5084 -56.641 0
-38.6777 -61.8885 -59.5084
-61.433 -38.6777 -55.9545
-59.5084 -57.2366 0
-38.6777 -61.8425 -59.5084
-60.7433 -38.6777 -55.873
-59.5084 -55.7047 0
