-38.6777 -61.0164 -59.5084
-60.7597 -38.6777 -50.6636
-59.5084 -49.5158 0
-38.6777 -60.6998 -59.5084
-62.9713 -38.6777 -55.6089
-59.5084 -55.633 0
-38.6777 -59.9867 -59.5084
-59.5779 -38.6777 -50.7915
-59.5084 -52.6297 0
-38.6777 -59.6301 -59.5084
-59.41 -38.6777 -50.5927
-59.5084 -51.6143 0
-38.6777 -59.8536 -59.5084
-59.6646 -38.6777 -50.0865
-59.5084 -53.0114 0
-38.6777 -60.9818 -59.5084
-60.7886 -38.6777 -51.2685
-59.5084 -52.8094 0
-38.6777 -61.9509 -59.5084
-60.9255 -38.6777 -52.7721
-59.5084 -52.6297 0
-38.6777 -61.7406 -59.5084
-61.586 -38.6777 -52.8776
-59.5084 -53.2976 0
-38.6777 -61.1888 -59.5084
-61.1377 -38.6777 -51.1209
-59.5084 -50.9622 0
-38.6777 -62.045 -59.5084
-62.0268 -38.6777 -53.5158
-59.5084 -53.2976 0
-38.6777 -61.7971 -59.5084
-61.4991 -38.6777 -52.9391
-59.5084 -53.2976 0
