-38.6777 -66.0072 -59.5084
-65.6507 -38.6777 -59.7056
-59.5084 -59.4791 0
-38.6777 -64.2429 -59.5084
-65.3729 -38.6777 -58.7034
-59.5084 -58.5239 0
-38.6777 -63.3989 -59.5084
-62.9647 -38.6777 -56.7433
-59.5084 -57.1634 0
-38.6777 -64.2913 -59.5084
-63.309 -38.6777 -57.8341
-59.5084 -59.76 0
-38.6777 -61.8384 -59.5084
-61.3882 -38.6777 -55.1205
-59.5084 -58.0571 0
-38.6777 -64.4364 -59.5084
-64.1488 -38.6777 -57.478
-59.5084 -57.7728 0
-38.6777 -64.3388 -59.5084
-63.2229 -38.6777 -56.673
-59.5084 -58.9212 0
-38.6777 -64.7019 -59.5084
-64.3481 -38.6777 -58.0199
-59.5084 -58.3409 0
-38.6777 -65.7081 -59.5084
-65.6021 -38.6777 -59.6075
-59.5084 -59.9864 0
-38.6777 -65.0945 -59.5084
-65.1226 -38.6777 -58.5818
-59.5084 -58.0501 0
-38.6777 -64.9362 -59.5084
-64.5377 -38.6777 -58.4621
-59.5084 -58.7661 0
