-38.6777 -62.7257 -59.5084
-63.0961 -38.6777 -54.2663
-59.5084 -54.3584 0
-38.6777 -62.3392 -59.5084
-64.0085 -38.6777 -56.6092
-59.5084 -56.8117 0
-38.6777 -60.9245 -59.5084
-60.377 -38.6777 -52.1195
-59.5084 -53.9699 0
-38.6777 -60.3018 -59.5084
-59.9897 -38.6777 -51.5241
-59.5084 -53.4361 0
-38.6777 -60.233 -59.5084
-60.0842 -38.6777 -50.7031
-59.5084 -54.1178 0
-38.6777 -62.2416 -59.5084
-62.2205 -38.6777 -53.1691
-59.5084 -54.5364 0
-38.6777 -62.6251 -59.5084
-61.5248 -38.6777 -53.4898
-59.5084 -53.9699 0
-38.6777 -62.4038 -59.5084
-62.1609 -38.6777 -53.6474
-59.5084 -54.2361 0
-38.6777 -62.8583 -59.5084
-63.2484 -38.6777 -54.3248
-59.5084 -54.4763 0
-38.6777 -63.2293 -59.5084
-63.1811 -38.6777 -55.0408
-59.5084 -54.8619 0
-38.6777 -62.9602 -59.5084
-62.6632 -38.6777 -54.5221
-59.5084 -54.8619 0
