-38.6777 -64.9414 -59.5084
-64.5287 -38.6777 -57.2695
-59.5084 -57.2622 0
-38.6777 -63.9725 -59.5084
-64.4565 -38.6777 -56.6103
-59.5084 -56.7658 0
-38.6777 -63.4988 -59.5084
-63.1102 -38.6777 -55.65
-59.5084 -55.9084 0
-38.6777 -64.1059 -59.5084
-63.4834 -38.6777 -56.5329
-59.5084 -57.4937 0
-38.6777 -62.1637 -59.5084
-61.8318 -38.6777 -53.8415
-59.5084 -56.6052 0
-38.6777 -64.2127 -59.5084
-64.021 -38.6777 -55.9897
-59.5084 -56.311 0
-38.6777 -64.3692 -59.5084
-63.4871 -38.6777 -56.095
-59.5084 -57.03 0
-38.6777 -64.2747 -59.5084
-64.1017 -38.6777 -56.5534
-59.5084 -56.9571 0
-38.6777 -64.8115 -59.5084
-64.6787 -38.6777 -57.327
-59.5084 -57.8564 0
-38.6777 -64.6898 -59.5084
-64.7341 -38.6777 -57.5661
-59.5084 -57.9179 0
-38.6777 -64.4154 -59.5084
-64.1167 -38.6777 -57.0201
-59.5084 -49.305 0
