-38.6777 -63.3295 -59.5084
-63.7112 -38.6777 -55.3065
-59.5084 -55.5956 0
-38.6777 -62.9984 -59.5084
-64.4273 -38.6777 -57.1892
-59.5084 -57.4345 0
-38.6777 -61.3051 -59.5084
-60.702 -38.6777 -52.5717
-59.5084 -55.1611 0
-38.6777 -61.3208 -59.5084
-60.8178 -38.6777 -52.7611
-59.5084 -54.8782 0
-38.6777 -60.4817 -59.5084
-60.3364 -38.6777 -51.1394
-59.5084 -55.1738 0
-38.6777 -62.8294 -59.5084
-62.8533 -38.6777 -54.1343
-59.5084 -55.5163 0
-38.6777 -63.2028 -59.5084
-62.1941 -38.6777 -54.3383
-59.5084 -55.1611 0
-38.6777 -63.0319 -59.5084
-62.848 -38.6777 -54.5941
-59.5084 -55.1844 0
-38.6777 -63.3412 -59.5084
-63.8066 -38.6777 -55.218
-59.5084 -55.5662 0
-38.6777 -63.6929 -59.5084
-63.6692 -38.6777 -55.7133
-59.5084 -55.2514 0
-38.6777 -63.3912 -59.5084
-63.0966 -38.6777 -55.1828
-59.5084 -55.5853 0
