-38.6777 -61.6016 -59.5084
-61.1065 -38.6777 -56.7254
-59.5084 -53.9389 0
-38.6777 -61.2333 -59.5084
-60.8928 -38.6777 -56.579
-59.5084 -56.8773 0
-38.6777 -60.2604 -59.5084
-59.0153 -38.6777 -56.0427
-59.5084 -56.74 0
-38.6777 -60.4322 -59.5084
-60.4276 -38.6777 -56.5983
-59.5084 -57.0605 0
-38.6777 -58.7825 -59.5084
-58.321 -38.6777 -55.4336
-59.5084 -56.6567 0
-38.6777 -60.552 -59.5084
-60.3287 -38.6777 -56.164
-59.5084 -56.7188 0
-38.6777 -60.5938 -59.5084
-59.3825 -38.6777 -56.1645
-59.5084 -55.6741 0
-38.6777 -61.9727 -59.5084
-61.1157 -38.6777 -56.6098
-59.5084 -57.8773 0
-38.6777 -61.9696 -59.5084
-61.4945 -38.6777 -56.9902
-59.5084 -57.2203 0
-38.6777 -61.9122 -59.5084
-61.7374 -38.6777 -56.8617
-59.5084 -57.4611 0
-38.6777 -61.807 -59.5084
-61.323 -38.6777 -56.8871
-59.5084 -51.1125 0
