-38.6777 -65.7532 -59.5084
-65.1548 -38.6777 -59.2797
-59.5084 -59.0081 0
-38.6777 -63.5836 -59.5084
-64.7107 -38.6777 -57.8459
-59.5084 -58.1292 0
-38.6777 -63.3989 -59.5084
-62.9647 -38.6777 -56.7433
-59.5084 -57.1634 0
-38.6777 -64.2913 -59.5084
-63.309 -38.6777 -57.8341
-59.5084 -59.76 0
-38.6777 -61.8384 -59.5084
-61.3882 -38.6777 -55.1205
-59.5084 -58.0571 0
-38.6777 -63.5648 -59.5084
-63.1063 -38.6777 -56.3101
-59.5084 -56.993 0
-38.6777 -63.8187 -59.5084
-62.6335 -38.6777 -56.0622
-59.5084 -58.4285 0
-38.6777 -64.7019 -59.5084
-64.3481 -38.6777 -58.0199
-59.5084 -58.3409 0
-38.6777 -65.4044 -59.5084
-65.2328 -38.6777 -59.2921
-59.5084 -59.76 0
-38.6777 -64.6283 -59.5084
-64.6406 -38.6777 -58.025
-59.5084 -58.0132 0
-38.6777 -64.5424 -59.5084
-64.072 -38.6777 -57.966
-59.5084 -58.3409 0
