-38.6777 -64.9325 -59.5084
-64.9388 -38.6777 -59.8656
-59.5084 -59.5169 0
-38.6777 -63.9988 -59.5084
-68.6137 -38.6777 -63.6617
-59.5084 -63.7326 0
-38.6777 -64.1784 -59.5084
-63.5065 -38.6777 -58.6089
-59.5084 -58.1117 0
-38.6777 -63.5689 -59.5084
-62.8961 -38.6777 -57.5588
-59.5084 -59.5169 0
-38.6777 -62.2556 -59.5084
-61.0739 -38.6777 -56.4585
-59.5084 -58.9147 0
-38.6777 -60.61 -59.5084
-60.61 -38.6777 -55.3012
-59.5084 -55.3012 0
-38.6777 -64.2837 -59.5084
-62.8113 -38.6777 -57.5396
-59.5084 -59.5169 0
-38.6777 -64.7568 -59.5084
-64.358 -38.6777 -59.0983
-59.5084 -59.5169 0
-38.6777 -64.3863 -59.5084
-64.1031 -38.6777 -58.7749
-59.5084 -59.5169 0
-38.6777 -65.2493 -59.5084
-65.618 -38.6777 -59.9737
-59.5084 -59.5169 0
-38.6777 -64.6457 -59.5084
-64.0885 -38.6777 -58.9318
-59.5084 -59.5169 0
