-38.6777 -61.541 -59.5084
-61.0375 -38.6777 -55.7018
-59.5084 -54.0786 0
-38.6777 -61.1592 -59.5084
-60.9705 -38.6777 -55.5377
-59.5084 -57.5242 0
-38.6777 -60.3807 -59.5084
-58.625 -38.6777 -55.5595
-59.5084 -56.1219 0
-38.6777 -60.2697 -59.5084
-59.8955 -38.6777 -54.4837
-59.5084 -56.0406 0
-38.6777 -58.6825 -59.5084
-58.1836 -38.6777 -53.6425
-59.5084 -56.1627 0
-38.6777 -60.4921 -59.5084
-60.0826 -38.6777 -55.2968
-59.5084 -55.9893 0
-38.6777 -60.577 -59.5084
-59.0005 -38.6777 -54.8317
-59.5084 -55.6835 0
-38.6777 -61.8055 -59.5084
-61.0189 -38.6777 -56.1449
-59.5084 -57.6394 0
-38.6777 -61.8498 -59.5084
-61.4712 -38.6777 -56.1178
-59.5084 -56.5975 0
-38.6777 -61.87 -59.5084
-61.4452 -38.6777 -55.7863
-59.5084 -57.2006 0
-38.6777 -61.8193 -59.5084
-60.6929 -38.6777 -55.6457
-59.5084 -54.9134 0
