-38.6777 -61.8502 -59.5084
-61.3886 -38.6777 -56.0817
-59.5084 -53.856 0
-38.6777 -61.4534 -59.5084
-61.0584 -38.6777 -55.9194
-59.5084 -56.3254 0
-38.6777 -60.5945 -59.5084
-59.0515 -38.6777 -54.8932
-59.5084 -55.6775 0
-38.6777 -60.5534 -59.5084
-60.4285 -38.6777 -55.2074
-59.5084 -56.449 0
-38.6777 -58.9622 -59.5084
-58.5054 -38.6777 -53.9795
-59.5084 -56.0783 0
-38.6777 -60.9972 -59.5084
-60.688 -38.6777 -55.8611
-59.5084 -56.1555 0
-38.6777 -60.8084 -59.5084
-59.5694 -38.6777 -55.2171
-59.5084 -55.4406 0
-38.6777 -62.1071 -59.5084
-61.36 -38.6777 -55.9965
-59.5084 -57.704 0
-38.6777 -62.1595 -59.5084
-61.6482 -38.6777 -56.3665
-59.5084 -56.6366 0
-38.6777 -61.995 -59.5084
-61.8313 -38.6777 -55.8082
-59.5084 -57.352 0
-38.6777 -62.0644 -59.5084
-61.2396 -38.6777 -55.9851
-59.5084 -50.8779 0
