-38.6777 -62.566 -59.5084
-62.052 -38.6777 -56.4844
-59.5084 -53.673 0
-38.6777 -61.6641 -59.5084
-61.4217 -38.6777 -56.0056
-59.5084 -56.3411 0
-38.6777 -61.2983 -59.5084
-60.4611 -38.6777 -55.6238
-59.5084 -56.0695 0
-38.6777 -61.4812 -59.5084
-60.5744 -38.6777 -56.0546
-59.5084 -56.7722 0
-38.6777 -59.6183 -59.5084
-59.0482 -38.6777 -54.8374
-59.5084 -56.3334 0
-38.6777 -61.3345 -59.5084
-61.0996 -38.6777 -55.5056
-59.5084 -56.0754 0
-38.6777 -62.2421 -59.5084
-61.1324 -38.6777 -55.6387
-59.5084 -56.5828 0
-38.6777 -62.3687 -59.5084
-61.902 -38.6777 -56.3143
-59.5084 -56.7521 0
-38.6777 -62.7018 -59.5084
-62.2614 -38.6777 -56.6397
-59.5084 -56.9795 0
-38.6777 -62.7388 -59.5084
-62.7483 -38.6777 -56.5148
-59.5084 -57.7243 0
-38.6777 -62.4696 -59.5084
-61.9889 -38.6777 -56.4808
-59.5084 -50.1535 0
