-38.6777 -62.0694 -59.5084
-62.3427 -38.6777 -53.1738
-59.5084 -52.9056 0
-38.6777 -61.7781 -59.5084
-63.5534 -38.6777 -56.2204
-59.5084 -56.4188 0
-38.6777 -60.9245 -59.5084
-60.377 -38.6777 -52.1195
-59.5084 -53.9699 0
-38.6777 -60.2924 -59.5084
-59.9897 -38.6777 -51.5241
-59.5084 -53.4361 0
-38.6777 -60.233 -59.5084
-60.0842 -38.6777 -50.7031
-59.5084 -54.1178 0
-38.6777 -61.4711 -59.5084
-61.3751 -38.6777 -52.0564
-59.5084 -54.1047 0
-38.6777 -61.9509 -59.5084
-60.9255 -38.6777 -52.7721
-59.5084 -52.6297 0
-38.6777 -62.4038 -59.5084
-62.1609 -38.6777 -53.6474
-59.5084 -54.2361 0
-38.6777 -62.2499 -59.5084
-62.2921 -38.6777 -52.991
-59.5084 -53.3049 0
-38.6777 -62.5714 -59.5084
-62.556 -38.6777 -54.2651
-59.5084 -54.2361 0
-38.6777 -62.4542 -59.5084
-62.1302 -38.6777 -53.8564
-59.5084 -54.2361 0
