-38.6777 -61.6135 -59.5084
-61.1083 -38.6777 -56.1816
-59.5084 -54.2636 0
-38.6777 -61.2494 -59.5084
-61.0725 -38.6777 -56.2048
-59.5084 -57.7175 0
-38.6777 -60.3807 -59.5084
-58.625 -38.6777 -55.5595
-59.5084 -56.1219 0
-38.6777 -60.3671 -59.5084
-59.9862 -38.6777 -55.4564
-59.5084 -56.6393 0
-38.6777 -58.7079 -59.5084
-58.1778 -38.6777 -54.6084
-59.5084 -56.7407 0
-38.6777 -60.5792 -59.5084
-60.1612 -38.6777 -56.0747
-59.5084 -56.5388 0
-38.6777 -60.6382 -59.5084
-59.0243 -38.6777 -55.4376
-59.5084 -56.0043 0
-38.6777 -61.9081 -59.5084
-61.1071 -38.6777 -56.7636
-59.5084 -57.85 0
-38.6777 -61.9644 -59.5084
-61.5659 -38.6777 -56.745
-59.5084 -57.1169 0
-38.6777 -61.9664 -59.5084
-61.5332 -38.6777 -56.3103
-59.5084 -57.3436 0
-38.6777 -61.9384 -59.5084
-60.7821 -38.6777 -56.3078
-59.5084 -55.0516 0
