-38.6777 -61.3929 -59.5084
-60.9203 -38.6777 -55.763
-59.5084 -54.1268 0
-38.6777 -61.0239 -59.5084
-60.859 -38.6777 -55.6022
-59.5084 -57.5309 0
-38.6777 -60.267 -59.5084
-58.5382 -38.6777 -55.6577
-59.5084 -56.1942 0
-38.6777 -60.1414 -59.5084
-59.7402 -38.6777 -54.6551
-59.5084 -56.1097 0
-38.6777 -58.5858 -59.5084
-58.1108 -38.6777 -53.8878
-59.5084 -56.2254 0
-38.6777 -60.3785 -59.5084
-59.966 -38.6777 -55.3971
-59.5084 -56.0548 0
-38.6777 -60.4289 -59.5084
-58.9005 -38.6777 -54.9529
-59.5084 -55.7289 0
-38.6777 -61.8055 -59.5084
-61.0189 -38.6777 -56.1449
-59.5084 -57.6394 0
-38.6777 -61.7204 -59.5084
-61.3415 -38.6777 -56.1722
-59.5084 -56.641 0
-38.6777 -61.7562 -59.5084
-61.3168 -38.6777 -55.8468
-59.5084 -57.2044 0
-38.6777 -61.701 -59.5084
-60.5742 -38.6777 -55.7157
-59.5084 -55.6673 0
