-38.6777 -65.8034 -59.5084
-64.9474 -38.6777 -59.8736
-59.5084 -59.5169 0
-38.6777 -62.9993 -59.5084
-64.4046 -38.6777 -57.7966
-59.5084 -58.1986 0
-38.6777 -62.9426 -59.5084
-62.5565 -38.6777 -56.4901
-59.5084 -56.7499 0
-38.6777 -64.0552 -59.5084
-63.133 -38.6777 -57.8115
-59.5084 -60.3498 0
-38.6777 -61.6166 -59.5084
-61.1144 -38.6777 -54.931
-59.5084 -58.0749 0
-38.6777 -62.7245 -59.5084
-61.8094 -38.6777 -55.4191
-59.5084 -56.6605 0
-38.6777 -63.8187 -59.5084
-62.6335 -38.6777 -56.0622
-59.5084 -58.4285 0
-38.6777 -64.471 -59.5084
-64.0875 -38.6777 -58.0263
-59.5084 -58.4285 0
-38.6777 -65.3255 -59.5084
-65.098 -38.6777 -59.7776
-59.5084 -60.3498 0
-38.6777 -64.3084 -59.5084
-64.3189 -38.6777 -58.0365
-59.5084 -58.4285 0
-38.6777 -64.2829 -59.5084
-63.7802 -38.6777 -57.9612
-59.5084 -58.4285 0
