-38.6777 -65.1719 -59.5084
-64.7353 -38.6777 -56.9111
-59.5084 -56.925 0
-38.6777 -64.0444 -59.5084
-64.6183 -38.6777 -56.2258
-59.5084 -56.3781 0
-38.6777 -63.5189 -59.5084
-63.0604 -38.6777 -54.9663
-59.5084 -55.2944 0
-38.6777 -64.2249 -59.5084
-63.5064 -38.6777 -56.0086
-59.5084 -57.2377 0
-38.6777 -61.7696 -59.5084
-61.4587 -38.6777 -52.6636
-59.5084 -56.2082 0
-38.6777 -64.2127 -59.5084
-64.021 -38.6777 -55.9897
-59.5084 -56.311 0
-38.6777 -64.3692 -59.5084
-63.4871 -38.6777 -56.095
-59.5084 -57.03 0
-38.6777 -64.3862 -59.5084
-64.1728 -38.6777 -56.306
-59.5084 -56.6661 0
-38.6777 -64.986 -59.5084
-64.8775 -38.6777 -57.0426
-59.5084 -57.6523 0
-38.6777 -64.7958 -59.5084
-64.8506 -38.6777 -57.4166
-59.5084 -57.9009 0
-38.6777 -64.5273 -59.5084
-64.2123 -38.6777 -56.7516
-59.5084 -49.0491 0
