-38.6777 -64.3301 -59.5084
-63.9372 -38.6777 -57.1003
-59.5084 -53.6327 0
-38.6777 -63.5791 -59.5084
-63.8936 -38.6777 -56.599
-59.5084 -56.8642 0
-38.6777 -63.1936 -59.5084
-62.8946 -38.6777 -55.7861
-59.5084 -56.288 0
-38.6777 -63.5177 -59.5084
-63.1038 -38.6777 -56.8408
-59.5084 -57.3892 0
-38.6777 -62.1396 -59.5084
-61.9034 -38.6777 -55.1206
-59.5084 -56.7462 0
-38.6777 -63.8878 -59.5084
-63.6713 -38.6777 -55.9344
-59.5084 -56.5451 0
-38.6777 -63.9103 -59.5084
-63.2531 -38.6777 -55.9714
-59.5084 -57.053 0
-38.6777 -63.8497 -59.5084
-63.7646 -38.6777 -56.9016
-59.5084 -57.3635 0
-38.6777 -64.2181 -59.5084
-64.027 -38.6777 -57.2879
-59.5084 -57.6529 0
-38.6777 -64.3905 -59.5084
-64.4434 -38.6777 -56.9728
-59.5084 -57.8398 0
-38.6777 -64.0032 -59.5084
-63.7067 -38.6777 -56.9933
-59.5084 -49.8495 0
