-38.6777 -59.5259 -59.5084
-57.5195 -38.6777 -46.6724
-59.5084 -46.6231 0
-38.6777 -59.0195 -59.5084
-61.2876 -38.6777 -54.7079
-59.5084 -54.7621 0
-38.6777 -59.056 -59.5084
-58.9208 -38.6777 -49.9307
-59.5084 -50.6926 0
-38.6777 -58.9145 -59.5084
-58.9569 -38.6777 -49.7199
-59.5084 -50.6926 0
-38.6777 -58.2077 -59.5084
-58.3435 -38.6777 -48.3154
-59.5084 -50.6926 0
-38.6777 -57.4703 -59.5084
-57.4703 -38.6777 -46.6231
-59.5084 -46.6231 0
-38.6777 -59.8461 -59.5084
-59.8505 -38.6777 -51.6882
-59.5084 -50.6926 0
-38.6777 -59.2291 -59.5084
-59.1391 -38.6777 -50.3524
-59.5084 -50.6926 0
-38.6777 -59.7686 -59.5084
-57.5057 -38.6777 -46.6852
-59.5084 -46.6231 0
-38.6777 -59.6702 -59.5084
-59.7163 -38.6777 -51.252
-59.5084 -50.6926 0
-38.6777 -59.2441 -59.5084
-59.2727 -38.6777 -50.3943
-59.5084 -50.6926 0
