-38.6777 -62.1236 -59.5084
-61.6995 -38.6777 -56.6042
-59.5084 -53.8257 0
-38.6777 -61.4067 -59.5084
-61.1549 -38.6777 -56.2172
-59.5084 -56.4876 0
-38.6777 -60.7867 -59.5084
-59.7093 -38.6777 -55.8762
-59.5084 -56.2138 0
-38.6777 -61.129 -59.5084
-60.3143 -38.6777 -56.2862
-59.5084 -56.8384 0
-38.6777 -59.248 -59.5084
-58.7776 -38.6777 -55.3384
-59.5084 -56.4719 0
-38.6777 -60.8959 -59.5084
-60.6297 -38.6777 -55.8151
-59.5084 -56.2734 0
-38.6777 -61.0138 -59.5084
-59.7467 -38.6777 -55.893
-59.5084 -56.597 0
-38.6777 -62.1583 -59.5084
-61.6528 -38.6777 -56.5119
-59.5084 -57.8793 0
-38.6777 -62.2571 -59.5084
-61.8233 -38.6777 -56.763
-59.5084 -57.0091 0
-38.6777 -62.2798 -59.5084
-62.1836 -38.6777 -56.6046
-59.5084 -57.4087 0
-38.6777 -62.0482 -59.5084
-61.6092 -38.6777 -56.6106
-59.5084 -50.5167 0
