-38.6777 -64.9325 -59.5084
-64.9388 -38.6777 -59.8656
-59.5084 -59.5169 0
-38.6777 -62.9993 -59.5084
-64.4046 -38.6777 -57.7966
-59.5084 -58.1986 0
-38.6777 -62.9426 -59.5084
-62.5565 -38.6777 -56.4901
-59.5084 -56.7499 0
-38.6777 -63.5689 -59.5084
-62.8961 -38.6777 -57.5588
-59.5084 -59.5169 0
-38.6777 -61.4058 -59.5084
-60.838 -38.6777 -54.5803
-59.5084 -56.6419 0
-38.6777 -60.61 -59.5084
-60.61 -38.6777 -54.0892
-59.5084 -53.9829 0
-38.6777 -62.5534 -59.5084
-61.6582 -38.6777 -54.8859
-59.5084 -57.2328 0
-38.6777 -63.5451 -59.5084
-63.2283 -38.6777 -57.005
-59.5084 -57.2328 0
-38.6777 -64.3863 -59.5084
-64.1031 -38.6777 -58.7749
-59.5084 -59.5169 0
-38.6777 -63.5505 -59.5084
-63.7071 -38.6777 -57.2222
-59.5084 -57.2328 0
-38.6777 -63.3682 -59.5084
-62.8569 -38.6777 -56.7412
-59.5084 -57.2328 0
