-38.6777 -64.6147 -59.5084
-64.1651 -38.6777 -57.8004
-59.5084 -57.8564 0
-38.6777 -63.6894 -59.5084
-64.1241 -38.6777 -57.1599
-59.5084 -57.3834 0
-38.6777 -63.2155 -59.5084
-62.8565 -38.6777 -56.2606
-59.5084 -56.7227 0
-38.6777 -63.6251 -59.5084
-63.1499 -38.6777 -57.1637
-59.5084 -57.9961 0
-38.6777 -62.0615 -59.5084
-61.7688 -38.6777 -55.0189
-59.5084 -57.2236 0
-38.6777 -63.9965 -59.5084
-63.738 -38.6777 -56.5146
-59.5084 -56.9449 0
-38.6777 -64.0739 -59.5084
-63.3126 -38.6777 -56.3853
-59.5084 -57.6165 0
-38.6777 -64.0318 -59.5084
-63.8861 -38.6777 -56.9681
-59.5084 -57.463 0
-38.6777 -64.4613 -59.5084
-64.2708 -38.6777 -57.8788
-59.5084 -58.3186 0
-38.6777 -64.6898 -59.5084
-64.7341 -38.6777 -57.5661
-59.5084 -57.9179 0
-38.6777 -64.1857 -59.5084
-63.8401 -38.6777 -57.4501
-59.5084 -49.615 0
