-38.6777 -61.5168 -59.5084
-61.0262 -38.6777 -56.2592
-59.5084 -54.127 0
-38.6777 -61.1402 -59.5084
-60.943 -38.6777 -56.1997
-59.5084 -57.7886 0
-38.6777 -60.4551 -59.5084
-58.718 -38.6777 -55.6065
-59.5084 -56.1407 0
-38.6777 -60.0684 -59.5084
-59.8524 -38.6777 -55.251
-59.5084 -56.3735 0
-38.6777 -58.8956 -59.5084
-58.4183 -38.6777 -54.6372
-59.5084 -56.4372 0
-38.6777 -60.3233 -59.5084
-60.0454 -38.6777 -56.1796
-59.5084 -56.4882 0
-38.6777 -60.3662 -59.5084
-58.9088 -38.6777 -55.5381
-59.5084 -55.7779 0
-38.6777 -61.6879 -59.5084
-60.9498 -38.6777 -56.7283
-59.5084 -57.8251 0
-38.6777 -61.762 -59.5084
-61.3227 -38.6777 -56.6427
-59.5084 -56.9778 0
-38.6777 -61.7824 -59.5084
-61.6315 -38.6777 -56.2962
-59.5084 -57.3858 0
-38.6777 -61.7351 -59.5084
-60.4774 -38.6777 -56.1074
-59.5084 -54.9283 0
