1 2.00328
2 2.16826
3 2.04256
4 1.71261
5 2.12112
6 1.86187
7 1.24125
8 1.02128
9 0.659904
10 0.832736
11 2.21539
12 1.84616
13 5.00427
14 1.78331
15 0.872016
16 0.447792
17 0.502784
18 2.16826
19 2.07398
20 2.19968
21 1.12341
22 1.62619
23 1.17054
24 0.817024
25 0.817024
26 0.66776
27 1.1784
28 0.966288
29 0.90344
30 1.04485
31 1.60262
32 0.997712
33 0.762032
34 1.36694
35 1.22554
36 1.49264
37 1.45336
38 1.29624
39 1.15483
40 2.2311
41 1.02914
42 0.683472
43 0.620624
44 0.997712
45 1.43765
46 1.43765
47 1.43765
48 1.1077
49 0.927008
50 0.801312
1 1.964
2 2.16826
1 2.41965
1 2.24682
1 4.50934
1 2.19968
1 5.13782
1 4.38365
1 4.38365
1 4.38365
