1 1.86187
2 1.83045
3 2.71818
4 2.71032
5 2.81245
6 2.80459
7 2.78888
8 2.79674
9 1.91686
10 2.72603
11 1.61834
12 2.68675
13 2.27038
14 2.67104
15 2.22325
16 1.31981
17 1.88544
18 2.80459
19 1.50835
20 2.73389
21 2.52178
22 2.76531
23 2.6789
24 2.74174
25 1.75974
26 2.73389
27 1.80688
28 2.84387
29 2.30966
30 1.74403
31 2.70246
32 2.78102
33 2.30966
34 2.86744
35 2.80459
36 1.98757
37 2.73389
38 1.94829
39 1.39051
40 2.66318
41 1.56334
42 1.55549
43 2.09755
44 2.74174
45 1.52406
46 1.4455
47 1.45336
48 2.77317
49 1.87758
50 2.75746
