1 4.38365
2 4.63504
3 4.29723
4 4.63504
5 4.1951
6 4.17939
7 4.03013
8 4.16368
9 3.7316
10 4.04584
11 4.5172
12 3.96728
13 5.00427
14 3.19739
15 4.24224
16 3.48806
17 4.14011
18 4.5879
19 3.82587
20 4.40722
21 3.55091
22 4.86286
23 4.42293
24 4.38365
25 4.84715
26 4.43864
27 4.54862
28 4.5172
29 4.37579
30 3.55877
31 3.82587
32 4.41507
33 3.57448
34 4.43078
35 3.97514
36 4.53291
37 3.70803
38 4.47006
39 4.48578
40 4.03798
41 4.61933
42 4.69789
43 4.24224
44 2.81245
45 4.40722
46 4.15582
47 3.42522
48 4.54077
49 4.72146
50 3.66875
