1 1.964
2 2.16826
3 2.04256
4 4.9807
5 4.1951
6 2.06613
7 2.31752
8 2.25467
9 2.29395
10 2.09755
11 2.09755
12 2.19968
13 2.64747
14 2.0897
15 2.11326
16 2.14469
17 3.49592
18 2.2861
19 2.20754
20 3.77088
21 2.30181
22 2.26253
23 2.15254
24 2.12898
25 2.16826
26 2.11326
27 2.27824
28 2.09755
29 2.31752
30 1.92472
31 3.77874
32 3.04027
33 1.98757
34 4.92571
35 2.34109
36 2.26253
37 2.14469
38 2.36466
39 2.12112
40 2.2311
41 2.05827
42 2.09755
43 2.2861
44 2.17611
45 2.1604
46 2.16826
47 2.08184
48 2.22325
49 2.39608
50 2.3568
