1 390.43
2 388.102
3 8.29025
4 1.48213
5 1.28051
6 10.305
7 516.697
8 95.2886
9 1.98731
10 1.78875
11 97.1629
12 247.741
13 306.508
14 2.16767
15 485.806
16 3.84546
17 1.3219
18 438.366
19 44.2376
20 3.67158
21 1.21367
22 463.158
23 469.645
24 209.285
25 323.165
26 1.34112
27 122.464
28 13.504
29 2.32026
30 200.373
31 13.9858
32 6.146
33 2.52869
34 3.79344
35 378.151
36 6.62839
37 3.52601
38 4.49446
39 1.94838
40 206.516
41 15.9258
42 62.5621
43 4.81026
44 511.49
45 3.49333
46 3.79524
47 465.531
48 458.539
49 3.55099
50 15.8885
1 390.43
